0 868
1 940
2 1417
3 1759
4 2763
5 1809
6 2555
7 123
8 1247
9 2166
10 2378
11 627
12 931
13 504
14 2919
15 2531
16 670
17 2714
18 1245
19 2434
20 1367
21 815
22 1584
23 1563
24 2133
25 838
26 2758
27 1206
28 2644
29 249
30 26
31 1457
32 613
33 1792
34 379
35 1541
36 1661
37 2630
38 2820
39 630
40 2506
41 2026
42 1622
43 659
44 1062
45 800
46 1773
47 182
48 85
49 1963
50 474
51 487
52 2885
53 2857
54 929
55 833
56 1122
57 1834
58 2565
59 2619
60 957
61 761
62 2863
63 4
64 2305
65 2006
66 1794
67 1593
68 2552
69 894
70 349
71 2665
72 661
73 1582
74 2996
75 1408
76 2267
77 2242
78 311
79 2345
80 1535
81 1857
82 443
83 2560
84 2614
85 1396
86 78
87 1862
88 1844
89 847
90 368
91 2911
92 1972
93 2810
94 922
95 1937
96 905
97 444
98 222
99 1587
100 1658
101 433
102 1115
103 1495
104 2756
105 2767
106 2319
107 702
108 209
109 1131
110 2796
111 1688
112 1742
113 1856
114 2692
115 2206
116 1800
117 674
118 1992
119 1482
120 1086
121 1356
122 2135
123 1193
124 2077
125 859
126 1289
127 880
128 2308
129 171
130 1557
131 2386
132 2894
133 107
134 2380
135 615
136 2562
137 2906
138 1035
139 170
140 1683
141 284
142 485
143 1078
144 672
145 15
146 2200
147 1229
148 2044
149 564
150 2157
151 1214
152 2379
153 229
154 2445
155 744
156 341
157 608
158 434
159 1431
160 1161
161 2468
162 2647
163 2344
164 765
165 1607
166 1427
167 2449
168 401
169 1163
170 2062
171 2067
172 753
173 193
174 1881
175 1008
176 212
177 96
178 2728
179 2182
180 144
181 1227
182 2768
183 320
184 988
185 900
186 738
187 904
188 1652
189 1566
190 772
191 1821
192 2422
193 856
194 3024
195 64
196 1022
197 1612
198 91
199 2800
200 1398
201 1066
202 1209
203 2667
204 40
205 418
206 1644
207 657
208 1982
209 1085
210 347
211 2033
212 881
213 1567
214 1038
215 93
216 708
217 1948
218 2148
219 1838
220 1249
221 2164
222 2091
223 1737
224 25
225 264
226 2693
227 246
228 2171
229 2256
230 2541
231 1573
232 100
233 2526
234 946
235 394
236 712
237 2659
238 2623
239 1984
240 1842
241 1720
242 2129
243 3
244 1505
245 1141
246 70
247 2322
248 1810
249 489
250 611
251 1063
252 2035
253 2732
254 2851
255 2064
256 2435
257 2773
258 1858
259 2736
260 2855
261 3023
262 1876
263 136
264 2023
265 2187
266 1722
267 648
268 2085
269 2588
270 2278
271 1440
272 324
273 720
274 2869
275 1942
276 2257
277 1769
278 1813
279 1036
280 2003
281 2259
282 411
283 2533
284 1114
285 623
286 992
287 2243
288 5
289 2496
290 361
291 944
292 3026
293 764
294 1158
295 2211
296 1820
297 135
298 1527
299 2247
300 2600
301 2052
302 2372
303 3031
304 2287
305 389
306 2042
307 1921
308 823
309 1392
310 2401
311 2388
312 2491
313 1140
314 1695
315 90
316 23
317 2632
318 2179
319 2821
320 945
321 2483
322 2807
323 506
324 2277
325 1766
326 730
327 359
328 358
329 1816
330 2833
331 2628
332 1641
333 153
334 395
335 2097
336 1904
337 2587
338 366
339 1083
340 2798
341 2346
342 326
343 1326
344 711
345 299
346 1489
347 802
348 364
349 804
350 3010
351 2415
352 1575
353 1704
354 971
355 2086
356 2128
357 2411
358 2387
359 1119
360 811
361 722
362 2189
363 2573
364 2963
365 1860
366 1797
367 2672
368 1637
369 478
370 668
371 851
372 258
373 1494
374 1328
375 1935
376 902
377 2781
378 2009
379 1550
380 2846
381 688
382 1829
383 2027
384 694
385 2068
386 962
387 2908
388 2147
389 1528
390 1728
391 1243
392 683
393 982
394 2854
395 1657
396 2373
397 1711
398 1863
399 2474
400 2682
401 462
402 245
403 1219
404 1208
405 751
406 1304
407 1075
408 2463
409 1154
410 1130
411 2738
412 1548
413 584
414 1983
415 2727
416 1517
417 2391
418 1338
419 2683
420 2125
421 2103
422 239
423 1976
424 2626
425 263
426 168
427 280
428 2354
429 2514
430 2030
431 410
432 583
433 1449
434 2907
435 2177
436 2668
437 2823
438 2522
439 1240
440 2650
441 2476
442 335
443 1532
444 2089
445 2775
446 2666
447 1065
448 179
449 20
450 1888
451 1369
452 2244
453 2518
454 2921
455 185
456 2107
457 2880
458 1999
459 1520
460 2316
461 1187
462 2112
463 2340
464 1346
465 1009
466 2226
467 2842
468 1559
469 1686
470 1433
471 1109
472 534
473 1533
474 594
475 2849
476 2643
477 1411
478 309
479 2413
480 759
481 2873
482 1483
483 2181
484 291
485 2016
486 2871
487 2895
488 1040
489 1801
490 216
491 1299
492 2053
493 2656
494 1415
495 156
496 2302
497 907
498 581
499 1230
500 950
501 2969
502 183
503 421
504 2382
505 1697
506 119
507 1336
508 1702
509 2712
510 1726
511 1334
512 45
513 2254
514 590
515 910
516 709
517 1605
518 1938
519 2119
520 218
521 2547
522 2013
523 561
524 2733
525 1875
526 1254
527 1170
528 2080
529 44
530 2188
531 1539
532 1978
533 1956
534 2108
535 2056
536 400
537 1779
538 2592
539 700
540 1768
541 1056
542 2558
543 1545
544 2069
545 1235
546 1679
547 1416
548 1267
549 1153
550 2816
551 1812
552 1914
553 50
554 654
555 2809
556 2601
557 1627
558 1850
559 490
560 1715
561 354
562 452
563 1303
564 2012
565 1776
566 911
567 2737
568 2356
569 784
570 520
571 2000
572 2090
573 2597
574 253
575 2059
576 27
577 1205
578 634
579 1654
580 2131
581 758
582 1993
583 1145
584 570
585 990
586 913
587 2178
588 1113
589 2822
590 601
591 960
592 2312
593 1388
594 776
595 2729
596 2310
597 2965
598 2269
599 1592
600 2118
601 386
602 1296
603 143
604 403
605 333
606 111
607 1050
608 675
609 428
610 1910
611 84
612 2032
613 190
614 1656
615 1643
616 671
617 166
618 1583
619 2815
620 1480
621 2134
622 2884
623 685
624 2169
625 2806
626 2412
627 2218
628 937
629 340
630 1288
631 1225
632 1248
633 2444
634 1207
635 1444
636 2332
637 2358
638 2231
639 17
640 51
641 1389
642 1269
643 52
644 2954
645 2620
646 2222
647 1253
648 1544
649 1278
650 510
651 788
652 2273
653 1072
654 2299
655 2638
656 2818
657 2092
658 2213
659 42
660 1754
661 139
662 1524
663 1887
664 2296
665 2321
666 2829
667 2276
668 1041
669 2554
670 1460
671 2297
672 1944
673 125
674 76
675 737
676 2291
677 2920
678 2878
679 472
680 1799
681 1423
682 640
683 1464
684 1680
685 1484
686 387
687 1017
688 1223
689 2548
690 1134
691 936
692 1553
693 137
694 2282
695 1244
696 984
697 860
698 858
699 941
700 2924
701 2209
702 1255
703 1787
704 1166
705 1071
706 105
707 3017
708 2985
709 2975
710 37
711 1069
712 591
713 225
714 1931
715 54
716 1426
717 1213
718 1020
719 1846
720 2899
721 1382
722 1180
723 1268
724 2058
725 1677
726 2707
727 2339
728 1725
729 58
730 853
731 273
732 3004
733 1819
734 97
735 3027
736 46
737 895
738 2561
739 550
740 2404
741 1825
742 352
743 1551
744 1882
745 1500
746 1003
747 2137
748 1186
749 2716
750 98
751 2045
752 2160
753 2617
754 279
755 1782
756 530
757 1090
758 1380
759 826
760 903
761 1501
762 482
763 2227
764 1585
765 1594
766 3003
767 625
768 2702
769 2220
770 724
771 612
772 2520
773 2426
774 710
775 2596
776 2695
777 754
778 1339
779 2802
780 315
781 426
782 1155
783 2271
784 919
785 1068
786 2406
787 189
788 12
789 576
790 2130
791 740
792 1949
793 938
794 2294
795 201
796 2034
797 2640
798 650
799 1192
800 898
801 2106
802 1463
803 338
804 2772
805 1791
806 362
807 545
808 2153
809 1947
810 1721
811 1260
812 1274
813 1669
814 2246
815 1996
816 1951
817 223
818 2362
819 371
820 2542
821 909
822 602
823 1883
824 1118
825 1343
826 396
827 2258
828 2774
829 969
830 1964
831 376
832 422
833 131
834 572
835 579
836 2225
837 1442
838 2835
839 2709
840 2154
841 2167
842 536
843 453
844 2433
845 1441
846 1257
847 2604
848 1823
849 2580
850 2280
851 1962
852 160
853 2939
854 2648
855 1973
856 2574
857 2958
858 676
859 337
860 1744
861 1599
862 2790
863 1144
864 1385
865 901
866 430
867 664
868 260
869 2139
870 621
871 116
872 467
873 1001
874 1690
875 118
876 427
877 1916
878 592
879 665
880 835
881 157
882 2138
883 2653
884 1710
885 2859
886 1703
887 763
888 1741
889 2324
890 2700
891 2459
892 174
893 2538
894 1499
895 1625
896 741
897 1386
898 1869
899 317
900 1841
901 954
902 2663
903 188
904 184
905 2734
906 681
907 1648
908 1434
909 67
910 729
911 1378
912 1150
913 1849
914 466
915 1270
916 2903
917 2629
918 1579
919 1077
920 1739
921 641
922 2696
923 1600
924 1893
925 2936
926 1462
927 554
928 1632
929 1601
930 1831
931 2038
932 2186
933 1673
934 1413
935 1988
936 2778
937 1650
938 1546
939 1220
940 863
941 1626
942 1301
943 1110
944 164
945 416
946 2698
947 1928
948 2057
949 1905
950 2966
951 734
952 2105
953 1995
954 2590
955 1226
956 1900
957 2841
958 806
959 2054
960 1589
961 2002
962 2930
963 1743
964 2328
965 2512
966 1525
967 812
968 1835
969 2509
970 2201
971 928
972 1638
973 2071
974 1135
975 1406
976 1365
977 173
978 2866
979 927
980 1837
981 2338
982 197
983 1708
984 319
985 390
986 176
987 645
988 1185
989 162
990 1399
991 2369
992 593
993 2913
994 2784
995 19
996 839
997 1804
998 3015
999 726
1000 2464
1001 1465
1002 1004
1003 2311
1004 2289
1005 129
1006 2175
1007 2150
1008 1174
1009 1540
1010 2971
1011 920
1012 2349
1013 577
1014 1597
1015 83
1016 281
1017 1735
1018 155
1019 1139
1020 2928
1021 2471
1022 2811
1023 752
1024 727
1025 2074
1026 687
1027 2374
1028 2438
1029 2037
1030 1064
1031 2861
1032 1536
1033 2195
1034 2460
1035 2104
1036 1713
1037 2824
1038 2355
1039 1120
1040 172
1041 1940
1042 1424
1043 1419
1044 1472
1045 1872
1046 1236
1047 2234
1048 159
1049 932
1050 2612
1051 1909
1052 2363
1053 1832
1054 53
1055 250
1056 2982
1057 2788
1058 420
1059 548
1060 2730
1061 2935
1062 2980
1063 1341
1064 442
1065 24
1066 2439
1067 1313
1068 714
1069 805
1070 747
1071 589
1072 1025
1073 1633
1074 1512
1075 1943
1076 795
1077 2909
1078 1400
1079 2370
1080 198
1081 1327
1082 1918
1083 1092
1084 2399
1085 29
1086 1467
1087 1865
1088 2441
1089 2713
1090 353
1091 1266
1092 1906
1093 820
1094 862
1095 697
1096 2029
1097 1811
1098 370
1099 750
1100 599
1101 1318
1102 2839
1103 519
1104 1790
1105 2770
1106 1454
1107 779
1108 2398
1109 2722
1110 163
1111 2961
1112 1774
1113 2018
1114 301
1115 1091
1116 974
1117 965
1118 1430
1119 2905
1120 1616
1121 1042
1122 1305
1123 2436
1124 2945
1125 582
1126 1203
1127 2060
1128 1384
1129 2674
1130 1991
1131 2366
1132 1478
1133 2061
1134 2881
1135 191
1136 369
1137 1159
1138 775
1139 906
1140 446
1141 2481
1142 1372
1143 288
1144 1621
1145 35
1146 1929
1147 2330
1148 1824
1149 2986
1150 677
1151 448
1152 2801
1153 232
1154 297
1155 813
1156 2838
1157 2158
1158 933
1159 689
1160 2902
1161 783
1162 2917
1163 1630
1164 1701
1165 2744
1166 1458
1167 2040
1168 2585
1169 1023
1170 1543
1171 294
1172 2977
1173 493
1174 2721
1175 721
1176 2005
1177 476
1178 837
1179 92
1180 1561
1181 165
1182 3013
1183 2645
1184 1216
1185 1264
1186 1700
1187 1286
1188 879
1189 1344
1190 766
1191 1016
1192 637
1193 1591
1194 518
1195 524
1196 1568
1197 1581
1198 1241
1199 103
1200 2725
1201 533
1202 382
1203 413
1204 1364
1205 803
1206 639
1207 934
1208 357
1209 799
1210 1470
1211 2948
1212 330
1213 380
1214 145
1215 1421
1216 743
1217 1723
1218 2938
1219 1437
1220 1554
1221 2676
1222 2116
1223 1228
1224 861
1225 2658
1226 2776
1227 2563
1228 1250
1229 1719
1230 343
1231 1752
1232 2660
1233 2502
1234 956
1235 2794
1236 1137
1237 3009
1238 2711
1239 819
1240 1387
1241 2896
1242 515
1243 1840
1244 1682
1245 470
1246 2329
1247 2204
1248 1891
1249 270
1250 439
1251 1696
1252 18
1253 1642
1254 1664
1255 2875
1256 460
1257 2670
1258 1839
1259 1234
1260 329
1261 850
1262 647
1263 1623
1264 407
1265 2970
1266 822
1267 2523
1268 1853
1269 3012
1270 1190
1271 547
1272 149
1273 1088
1274 2537
1275 2466
1276 652
1277 526
1278 2295
1279 2840
1280 1021
1281 2390
1282 769
1283 7
1284 829
1285 1428
1286 122
1287 69
1288 2642
1289 1246
1290 2704
1291 244
1292 1381
1293 336
1294 1894
1295 89
1296 2327
1297 2639
1298 121
1299 2505
1300 1491
1301 423
1302 1775
1303 1332
1304 1252
1305 1761
1306 186
1307 314
1308 1727
1309 1175
1310 2484
1311 2825
1312 360
1313 2230
1314 406
1315 247
1316 2236
1317 666
1318 2735
1319 923
1320 1359
1321 1902
1322 1890
1323 1732
1324 832
1325 2255
1326 31
1327 1259
1328 1699
1329 912
1330 1542
1331 598
1332 1558
1333 450
1334 2407
1335 816
1336 2368
1337 290
1338 2036
1339 1265
1340 2004
1341 1588
1342 449
1343 1764
1344 1291
1345 2586
1346 809
1347 535
1348 1878
1349 1366
1350 3016
1351 1681
1352 569
1353 1439
1354 1570
1355 217
1356 2152
1357 227
1358 2858
1359 2929
1360 2769
1361 1475
1362 2751
1363 459
1364 2893
1365 1181
1366 1802
1367 484
1368 2142
1369 1237
1370 2047
1371 63
1372 2718
1373 1281
1374 2114
1375 1763
1376 1443
1377 1116
1378 1030
1379 1691
1380 852
1381 2577
1382 891
1383 3019
1384 1724
1385 2065
1386 725
1387 2402
1388 2960
1389 2046
1390 2791
1391 102
1392 538
1393 1474
1394 1580
1395 1055
1396 1377
1397 295
1398 3020
1399 2470
1400 62
1401 557
1402 1913
1403 2955
1404 1447
1405 1522
1406 332
1407 1468
1408 586
1409 2808
1410 1781
1411 2458
1412 345
1413 1276
1414 1827
1415 2073
1416 1290
1417 525
1418 979
1419 565
1420 2998
1421 2301
1422 1027
1423 1760
1424 1510
1425 2507
1426 2288
1427 1422
1428 537
1429 2675
1430 1101
1431 2248
1432 2933
1433 2144
1434 2432
1435 1239
1436 2579
1437 2777
1438 1714
1439 1867
1440 3000
1441 2915
1442 458
1443 1915
1444 2530
1445 1450
1446 1552
1447 14
1448 1965
1449 887
1450 556
1451 261
1452 2765
1453 2848
1454 1513
1455 86
1456 2553
1457 1052
1458 2747
1459 1076
1460 872
1461 1335
1462 2991
1463 2749
1464 477
1465 2901
1466 325
1467 1537
1468 2534
1469 679
1470 2593
1471 1762
1472 882
1473 1375
1474 175
1475 1414
1476 1565
1477 1194
1478 642
1479 2752
1480 372
1481 1628
1482 2834
1483 2314
1484 633
1485 2146
1486 2743
1487 38
1488 1603
1489 866
1490 2999
1491 1285
1492 618
1493 1204
1494 323
1495 2272
1496 2710
1497 508
1498 682
1499 1015
1500 447
1501 1997
1502 549
1503 1729
1504 1678
1505 994
1506 1885
1507 2740
1508 1142
1509 391
1510 1177
1511 276
1512 622
1513 2252
1514 745
1515 2235
1516 673
1517 1663
1518 99
1519 192
1520 2827
1521 414
1522 2583
1523 251
1524 649
1525 392
1526 1251
1527 1576
1528 1481
1529 2968
1530 1961
1531 1668
1532 1300
1533 1959
1534 1405
1535 1471
1536 2467
1537 1057
1538 1665
1539 2951
1540 308
1541 1074
1542 2927
1543 468
1544 2497
1545 402
1546 1493
1547 2384
1548 405
1549 2720
1550 2229
1551 417
1552 200
1553 1189
1554 828
1555 80
1556 1692
1557 127
1558 1401
1559 2389
1560 1311
1561 2576
1562 2990
1563 2350
1564 363
1565 663
1566 562
1567 1178
1568 120
1569 66
1570 65
1571 1971
1572 367
1573 1469
1574 1262
1575 2529
1576 1095
1577 1333
1578 1425
1579 1280
1580 770
1581 2701
1582 915
1583 1453
1584 32
1585 516
1586 1196
1587 2850
1588 2715
1589 2239
1590 2249
1591 1105
1592 2549
1593 2001
1594 1309
1595 1523
1596 1852
1597 2641
1598 1081
1599 1954
1600 272
1601 2926
1602 686
1603 1960
1604 2603
1605 1379
1606 2352
1607 241
1608 1024
1609 717
1610 840
1611 2348
1612 2624
1613 964
1614 2662
1615 2457
1616 1096
1617 128
1618 2493
1619 2567
1620 2190
1621 2315
1622 2664
1623 1676
1624 1987
1625 2510
1626 952
1627 2992
1628 2953
1629 1884
1630 1870
1631 2890
1632 631
1633 1402
1634 1347
1635 2755
1636 2967
1637 397
1638 798
1639 178
1640 233
1641 2783
1642 230
1643 2817
1644 438
1645 2261
1646 748
1647 2540
1648 1051
1649 2293
1650 1094
1651 2420
1652 2889
1653 2203
1654 322
1655 1994
1656 2853
1657 2708
1658 463
1659 1479
1660 169
1661 445
1662 1330
1663 285
1664 1655
1665 2898
1666 1310
1667 892
1668 522
1669 1808
1670 2828
1671 2862
1672 1451
1673 703
1674 2180
1675 691
1676 2309
1677 1892
1678 1765
1679 1492
1680 1261
1681 1922
1682 1183
1683 2096
1684 1477
1685 2174
1686 2912
1687 1977
1688 87
1689 2408
1690 2795
1691 2192
1692 342
1693 1975
1694 552
1695 2595
1696 1613
1697 254
1698 1981
1699 921
1700 2098
1701 638
1702 2918
1703 1608
1704 2076
1705 609
1706 1298
1707 2803
1708 2419
1709 1138
1710 2865
1711 1611
1712 282
1713 781
1714 2753
1715 226
1716 1263
1717 2819
1718 553
1719 286
1720 2607
1721 2480
1722 1165
1723 1306
1724 684
1725 2694
1726 607
1727 36
1728 539
1729 2789
1730 955
1731 205
1732 1345
1733 998
1734 2120
1735 1936
1736 1060
1737 1191
1738 1660
1739 1736
1740 204
1741 993
1742 2431
1743 2022
1744 1653
1745 1340
1746 1933
1747 1490
1748 1412
1749 219
1750 348
1751 2275
1752 1438
1753 1783
1754 2616
1755 651
1756 2997
1757 1107
1758 2673
1759 2572
1760 2739
1761 595
1762 1833
1763 958
1764 465
1765 985
1766 1519
1767 1391
1768 2165
1769 529
1770 1102
1771 2185
1772 555
1773 3002
1774 2359
1775 2494
1776 2473
1777 1342
1778 2637
1779 236
1780 2987
1781 2952
1782 757
1783 365
1784 2263
1785 961
1786 3030
1787 3014
1788 2253
1789 488
1790 148
1791 224
1792 2010
1793 2495
1794 2159
1795 494
1796 1123
1797 949
1798 1619
1799 1646
1800 1029
1801 2265
1802 939
1803 2015
1804 2943
1805 1485
1806 154
1807 1404
1808 2782
1809 662
1810 115
1811 2876
1812 2564
1813 2584
1814 1698
1815 1506
1816 375
1817 834
1818 1645
1819 203
1820 1000
1821 385
1822 195
1823 732
1824 2627
1825 2844
1826 1349
1827 2250
1828 278
1829 3029
1830 2521
1831 2745
1832 243
1833 242
1834 2393
1835 1531
1836 2383
1837 307
1838 864
1839 975
1840 2925
1841 2066
1842 2957
1843 2757
1844 1577
1845 1803
1846 1807
1847 377
1848 1649
1849 1514
1850 2325
1851 2492
1852 1007
1853 1706
1854 1969
1855 996
1856 113
1857 706
1858 2049
1859 415
1860 2110
1861 1059
1862 1002
1863 2210
1864 432
1865 2609
1866 1674
1867 1903
1868 574
1869 496
1870 991
1871 412
1872 1778
1873 2689
1874 73
1875 2081
1876 1854
1877 1770
1878 983
1879 1610
1880 1317
1881 381
1882 1671
1883 88
1884 857
1885 778
1886 306
1887 797
1888 1980
1889 2589
1890 202
1891 1615
1892 2260
1893 2719
1894 2550
1895 978
1896 1845
1897 731
1898 2787
1899 877
1900 1851
1901 351
1902 1750
1903 3005
1904 1043
1905 1923
1906 1604
1907 943
1908 151
1909 854
1910 1032
1911 2475
1912 259
1913 6
1914 424
1915 2140
1916 2223
1917 43
1918 75
1919 2569
1920 451
1921 1898
1922 1873
1923 501
1924 1418
1925 1031
1926 2337
1927 527
1928 2451
1929 1456
1930 2635
1931 1033
1932 1911
1933 970
1934 1103
1935 356
1936 1370
1937 2274
1938 2826
1939 1989
1940 1054
1941 60
1942 2517
1943 2205
1944 2705
1945 1946
1946 49
1947 2075
1948 404
1949 2649
1950 1780
1951 464
1952 2516
1953 431
1954 541
1955 2513
1956 2669
1957 2456
1958 2172
1959 3028
1960 2879
1961 140
1962 303
1963 632
1964 2241
1965 1920
1966 1689
1967 830
1968 8
1969 2385
1970 2048
1971 1488
1972 374
1973 713
1974 383
1975 951
1976 1129
1977 1350
1978 2238
1979 2805
1980 918
1981 2984
1982 2194
1983 2723
1984 1685
1985 2017
1986 114
1987 2883
1988 1061
1989 762
1990 2347
1991 109
1992 2956
1993 1758
1994 2117
1995 1786
1996 925
1997 2050
1998 619
1999 1112
2000 81
2001 1106
2002 1848
2003 1934
2004 658
2005 2224
2006 2063
2007 948
2008 542
2009 1746
2010 2262
2011 1979
2012 2981
2013 1930
2014 785
2015 1329
2016 1806
2017 871
2018 1325
2019 1039
2020 2485
2021 1502
2022 124
2023 440
2024 321
2025 2088
2026 339
2027 283
2028 2499
2029 1079
2030 2397
2031 1279
2032 2100
2033 1314
2034 1562
2035 1889
2036 986
2037 2400
2038 1822
2039 2055
2040 2094
2041 1089
2042 1293
2043 2487
2044 715
2045 1899
2046 1221
2047 1817
2048 1564
2049 1830
2050 2440
2051 1111
2052 578
2053 2559
2054 344
2055 2343
2056 2465
2057 2031
2058 513
2059 74
2060 1847
2061 2622
2062 2304
2063 878
2064 2442
2065 1602
2066 1162
2067 240
2068 2028
2069 568
2070 2731
2071 2342
2072 1354
2073 884
2074 2602
2075 2633
2076 908
2077 629
2078 1006
2079 1067
2080 1998
2081 196
2082 636
2083 777
2084 1843
2085 1755
2086 1635
2087 981
2088 267
2089 1363
2090 1503
2091 134
2092 2888
2093 275
2094 206
2095 1955
2096 2170
2097 1044
2098 1879
2099 0
2100 2221
2101 1895
2102 1097
2103 2101
2104 277
2105 2078
2106 628
2107 1868
2108 787
2109 2215
2110 221
2111 2093
2112 471
2113 3025
2114 1099
2115 2472
2116 327
2117 2950
2118 2860
2119 2799
2120 257
2121 2025
2122 2361
2123 1731
2124 296
2125 2786
2126 147
2127 2793
2128 742
2129 1169
2130 2615
2131 106
2132 2654
2133 1436
2134 610
2135 2636
2136 1828
2137 2197
2138 814
2139 2183
2140 2168
2141 1322
2142 1164
2143 1093
2144 869
2145 2286
2146 2489
2147 1814
2148 2202
2149 2671
2150 22
2151 1866
2152 2551
2153 848
2154 2353
2155 1927
2156 521
2157 2141
2158 1459
2159 1874
2160 760
2161 1707
2162 2886
2163 1772
2164 580
2165 2686
2166 2536
2167 1606
2168 2657
2169 1609
2170 2761
2171 2504
2172 480
2173 1684
2174 2914
2175 1352
2176 1108
2177 2618
2178 2697
2179 2376
2180 2979
2181 2424
2182 2300
2183 21
2184 2011
2185 2486
2186 2285
2187 2836
2188 1624
2189 378
2190 2024
2191 873
2192 2652
2193 1410
2194 1529
2195 517
2196 2681
2197 161
2198 2191
2199 614
2200 749
2201 2394
2202 841
2203 867
2204 2447
2205 2469
2206 274
2207 2661
2208 883
2209 492
2210 2409
2211 2566
2212 695
2213 997
2214 719
2215 1197
2216 2578
2217 1945
2218 2528
2219 1917
2220 2079
2221 331
2222 2923
2223 1618
2224 914
2225 1534
2226 1046
2227 1018
2228 1146
2229 2746
2230 739
2231 2611
2232 2771
2233 704
2234 2437
2235 2367
2236 2944
2237 1126
2238 2910
2239 1789
2240 133
2241 2892
2242 2292
2243 117
2244 1171
2245 566
2246 1198
2247 437
2248 2621
2249 1871
2250 271
2251 1202
2252 844
2253 1283
2254 1117
2255 1631
2256 469
2257 2940
2258 2646
2259 2742
2260 1526
2261 429
2262 187
2263 968
2264 1896
2265 1256
2266 2331
2267 34
2268 1233
2269 3001
2270 1295
2271 2605
2272 2284
2273 1907
2274 2655
2275 1148
2276 558
2277 505
2278 1218
2279 1486
2280 824
2281 1355
2282 1666
2283 2916
2284 304
2285 980
2286 1308
2287 1273
2288 2568
2289 693
2290 265
2291 2216
2292 1012
2293 1292
2294 1084
2295 655
2296 843
2297 1037
2298 1749
2299 1966
2300 620
2301 1466
2302 1970
2303 924
2304 2099
2305 2041
2306 2303
2307 585
2308 2245
2309 1859
2310 384
2311 41
2312 875
2313 1571
2314 2524
2315 2405
2316 3021
2317 82
2318 2333
2319 810
2320 2082
2321 1210
2322 2219
2323 791
2324 158
2325 817
2326 61
2327 1634
2328 1595
2329 1034
2330 2341
2331 2083
2332 1717
2333 33
2334 211
2335 228
2336 2448
2337 1446
2338 1880
2339 1908
2340 678
2341 498
2342 2699
2343 2264
2344 2759
2345 1149
2346 502
2347 2557
2348 305
2349 1953
2350 1968
2351 2867
2352 1572
2353 653
2354 2501
2355 899
2356 967
2357 3007
2358 57
2359 1167
2360 2868
2361 77
2362 302
2363 2336
2364 2326
2365 79
2366 2762
2367 1315
2368 1629
2369 1297
2370 692
2371 1767
2372 889
2373 1026
2374 2429
2375 1351
2376 2462
2377 1215
2378 1924
2379 1538
2380 890
2381 1952
2382 2651
2383 855
2384 180
2385 667
2386 328
2387 132
2388 2606
2389 2891
2390 1718
2391 2214
2392 2163
2393 13
2394 2594
2395 2978
2396 1100
2397 2
2398 208
2399 1211
2400 2039
2401 213
2402 2874
2403 298
2404 2741
2405 142
2406 2679
2407 483
2408 1747
2409 728
2410 2109
2411 2143
2412 2994
2413 1132
2414 2532
2415 2581
2416 801
2417 292
2418 2608
2419 603
2420 2290
2421 1826
2422 3018
2423 1070
2424 500
2425 2334
2426 1176
2427 1394
2428 916
2429 2856
2430 893
2431 1461
2432 481
2433 1498
2434 808
2435 408
2436 1212
2437 55
2438 2508
2439 150
2440 2357
2441 1133
2442 2124
2443 1734
2444 2545
2445 2403
2446 2726
2447 441
2448 2544
2449 973
2450 2335
2451 2870
2452 989
2453 101
2454 146
2455 28
2456 455
2457 1836
2458 1793
2459 746
2460 39
2461 1028
2462 698
2463 1716
2464 1855
2465 1733
2466 846
2467 1745
2468 1294
2469 2127
2470 1473
2471 789
2472 473
2473 942
2474 1098
2475 1277
2476 617
2477 1897
2478 1675
2479 2949
2480 1705
2481 540
2482 334
2483 511
2484 262
2485 836
2486 1397
2487 1556
2488 959
2489 1125
2490 1157
2491 2414
2492 1316
2493 2317
2494 2381
2495 425
2496 1771
2497 2122
2498 108
2499 2207
2500 2937
2501 768
2502 531
2503 1217
2504 755
2505 1640
2506 11
2507 2837
2508 2430
2509 966
2510 10
2511 141
2512 1045
2513 1515
2514 1179
2515 699
2516 1877
2517 2193
2518 1307
2519 1323
2520 497
2521 2962
2522 199
2523 1373
2524 2149
2525 1990
2526 289
2527 300
2528 2717
2529 350
2530 2685
2531 2947
2532 1452
2533 2972
2534 1509
2535 2490
2536 313
2537 1
2538 597
2539 2995
2540 2087
2541 1049
2542 2102
2543 2443
2544 865
2545 588
2546 2306
2547 388
2548 2983
2549 152
2550 346
2551 2575
2552 1287
2553 2599
2554 2792
2555 373
2556 1393
2557 2959
2558 827
2559 2582
2560 680
2561 874
2562 2184
2563 2123
2564 1448
2565 2136
2566 705
2567 454
2568 2804
2569 1182
2570 624
2571 2416
2572 238
2573 1184
2574 1662
2575 2973
2576 2377
2577 436
2578 885
2579 2613
2580 546
2581 30
2582 3022
2583 2318
2584 2766
2585 1777
2586 1371
2587 2845
2588 2395
2589 1048
2590 2680
2591 1957
2592 256
2593 1362
2594 419
2595 2014
2596 2307
2597 1861
2598 252
2599 2932
2600 2454
2601 2446
2602 2217
2603 2396
2604 2543
2605 1409
2606 1667
2607 2427
2608 68
2609 1238
2610 2162
2611 1598
2612 486
2613 1496
2614 604
2615 1390
2616 2525
2617 2298
2618 1195
2619 1014
2620 2111
2621 9
2622 1321
2623 2482
2624 1368
2625 1160
2626 269
2627 1353
2628 2993
2629 1549
2630 194
2631 2500
2632 786
2633 1231
2634 181
2635 3008
2636 59
2637 1271
2638 1127
2639 2360
2640 2941
2641 551
2642 1753
2643 2417
2644 268
2645 1709
2646 1912
2647 821
2648 2126
2649 2785
2650 1636
2651 310
2652 2145
2653 1143
2654 393
2655 220
2656 1284
2657 2283
2658 2371
2659 1258
2660 1738
2661 1013
2662 1818
2663 2691
2664 2847
2665 845
2666 234
2667 2232
2668 1974
2669 2503
2670 56
2671 963
2672 1590
2673 2270
2674 2421
2675 2813
2676 2904
2677 1420
2678 1530
2679 2591
2680 2176
2681 2161
2682 723
2683 2687
2684 782
2685 1429
2686 2410
2687 1403
2688 2237
2689 1712
2690 718
2691 2974
2692 2942
2693 2764
2694 2208
2695 1121
2696 2832
2697 2724
2698 573
2699 1080
2700 509
2701 2198
2702 1360
2703 1560
2704 1504
2705 1497
2706 870
2707 1748
2708 1751
2709 1312
2710 977
2711 512
2712 2690
2713 1188
2714 1555
2715 94
2716 2070
2717 2976
2718 2598
2719 1232
2720 95
2721 1331
2722 1651
2723 842
2724 2519
2725 1919
2726 2320
2727 2268
2728 528
2729 2882
2730 1986
2731 1047
2732 792
2733 1010
2734 1507
2735 2706
2736 2931
2737 1152
2738 1798
2739 499
2740 1383
2741 1925
2742 2365
2743 2754
2744 2313
2745 2678
2746 2527
2747 1200
2748 457
2749 976
2750 1795
2751 2831
2752 626
2753 1487
2754 646
2755 999
2756 104
2757 2155
2758 567
2759 110
2760 1756
2761 2453
2762 2199
2763 1569
2764 1242
2765 312
2766 2423
2767 1516
2768 735
2769 316
2770 1788
2771 825
2772 1361
2773 571
2774 1518
2775 71
2776 807
2777 2946
2778 2364
2779 130
2780 774
2781 1302
2782 2478
2783 600
2784 707
2785 507
2786 1596
2787 987
2788 126
2789 701
2790 1950
2791 138
2792 1617
2793 1784
2794 1337
2795 1374
2796 1151
2797 926
2798 2281
2799 2511
2800 2872
2801 1805
2802 1156
2803 2900
2804 2196
2805 461
2806 1053
2807 1104
2808 167
2809 456
2810 47
2811 514
2812 606
2813 2488
2814 771
2815 48
2816 2703
2817 1005
2818 1672
2819 1136
2820 947
2821 2240
2822 643
2823 207
2824 1574
2825 2546
2826 1476
2827 2750
2828 1620
2829 831
2830 1647
2831 1886
2832 2279
2833 491
2834 1958
2835 2477
2836 1172
2837 1319
2838 2556
2839 1939
2840 1941
2841 2156
2842 596
2843 16
2844 177
2845 2228
2846 849
2847 818
2848 2515
2849 435
2850 1659
2851 660
2852 696
2853 1272
2854 2051
2855 559
2856 2425
2857 733
2858 2989
2859 2095
2860 2212
2861 1358
2862 780
2863 3006
2864 1985
2865 1124
2866 2688
2867 2814
2868 112
2869 1282
2870 2797
2871 886
2872 790
2873 532
2874 2115
2875 2631
2876 1901
2877 235
2878 605
2879 716
2880 1796
2881 930
2882 2610
2883 544
2884 1693
2885 495
2886 318
2887 1864
2888 1357
2889 3011
2890 1547
2891 1586
2892 1058
2893 2760
2894 736
2895 656
2896 563
2897 669
2898 1455
2899 1082
2900 2043
2901 587
2902 1508
2903 2964
2904 1815
2905 575
2906 255
2907 796
2908 398
2909 2266
2910 1435
2911 1432
2912 1147
2913 917
2914 1275
2915 72
2916 1694
2917 897
2918 1199
2919 2539
2920 793
2921 2084
2922 995
2923 876
2924 2779
2925 560
2926 1730
2927 1168
2928 1201
2929 2897
2930 2934
2931 2843
2932 644
2933 2684
2934 2812
2935 1614
2936 2461
2937 2007
2938 2008
2939 2625
2940 231
2941 2887
2942 1222
2943 2922
2944 767
2945 237
2946 1578
2947 215
2948 1511
2949 896
2950 1967
2951 2498
2952 2132
2953 1757
2954 409
2955 1407
2956 2571
2957 1445
2958 1173
2959 2864
2960 1324
2961 287
2962 2351
2963 2251
2964 935
2965 399
2966 1224
2967 1011
2968 2418
2969 2988
2970 1932
2971 1395
2972 690
2973 2780
2974 972
2975 1320
2976 756
2977 210
2978 2479
2979 2677
2980 1785
2981 1073
2982 1670
2983 355
2984 293
2985 2570
2986 2392
2987 888
2988 2452
2989 794
2990 523
2991 2021
2992 2323
2993 616
2994 2233
2995 2375
2996 1348
2997 1019
2998 2535
2999 1376
3000 2450
3001 2173
3002 2634
3003 2428
3004 2151
3005 2877
3006 2019
3007 214
3008 475
3009 2830
3010 953
3011 248
3012 1740
3013 1639
3014 773
3015 2121
3016 1128
3017 635
3018 1087
3019 1926
3020 543
3021 1521
3022 503
3023 2748
3024 1687
3025 479
3026 2455
3027 2852
3028 2020
3029 2072
3030 266
3031 2113
