0 63
1 94
2 80
3 188
4 30
5 3
6 58
7 142
8 81
9 166
10 43
11 89
12 79
13 9
14 187
15 76
16 49
17 39
18 5
19 197
20 150
21 190
22 92
23 18
24 36
25 151
26 37
27 198
28 33
29 46
30 121
31 163
32 108
33 17
34 50
35 181
36 192
37 53
38 66
39 90
40 193
41 27
42 119
43 179
44 38
45 15
46 137
47 88
48 120
49 23
50 165
51 29
52 73
53 48
54 8
55 134
56 139
57 141
58 117
59 115
60 99
61 67
62 56
63 111
64 110
65 2
66 161
67 107
68 61
69 157
70 25
71 74
72 22
73 118
74 143
75 105
76 62
77 138
78 34
79 35
80 153
81 106
82 103
83 4
84 116
85 85
86 168
87 10
88 59
89 176
90 19
91 87
92 21
93 148
94 102
95 189
96 149
97 95
98 199
99 182
100 1
101 28
102 42
103 77
104 41
105 196
106 183
107 125
108 154
109 113
110 130
111 180
112 75
113 65
114 69
115 26
116 174
117 6
118 123
119 147
120 194
121 171
122 109
123 93
124 122
125 146
126 175
127 136
128 158
129 178
130 124
131 45
132 40
133 152
134 60
135 126
136 82
137 173
138 11
139 162
140 164
141 160
142 101
143 104
144 128
145 32
146 172
147 135
148 78
149 0
150 7
151 12
152 170
153 54
154 55
155 112
156 184
157 44
158 14
159 13
160 133
161 52
162 140
163 100
164 84
165 186
166 156
167 159
168 64
169 132
170 191
171 24
172 70
173 167
174 57
175 195
176 51
177 83
178 177
179 131
180 68
181 91
182 185
183 145
184 144
185 71
186 155
187 20
188 114
189 96
190 97
191 98
192 127
193 47
194 16
195 129
196 86
197 31
198 169
199 72
