0 6873
1 3396
2 6555
3 6357
4 3415
5 4816
6 1755
7 6231
8 4315
9 2669
10 3965
11 929
12 6823
13 7127
14 1040
15 5094
16 2354
17 455
18 3455
19 2690
20 434
21 2308
22 4729
23 5173
24 5007
25 5687
26 4510
27 1205
28 6317
29 5488
30 5236
31 1952
32 4640
33 5648
34 2165
35 464
36 2921
37 5174
38 2823
39 1562
40 6940
41 3504
42 3829
43 5101
44 3945
45 3306
46 811
47 3193
48 657
49 4137
50 2987
51 3428
52 6153
53 1906
54 6486
55 5001
56 329
57 6331
58 953
59 6685
60 4664
61 1779
62 309
63 382
64 2734
65 2465
66 4621
67 554
68 3539
69 251
70 3318
71 2198
72 6737
73 2
74 7038
75 2574
76 3477
77 5839
78 895
79 3572
80 6149
81 6059
82 3152
83 7068
84 6587
85 1368
86 1743
87 3756
88 2124
89 2952
90 4244
91 6572
92 4756
93 6980
94 2641
95 4438
96 3774
97 5091
98 4268
99 4637
100 7173
101 6191
102 6297
103 1453
104 2497
105 1114
106 4311
107 629
108 5383
109 1139
110 2777
111 799
112 520
113 1110
114 2276
115 3118
116 2037
117 1771
118 5002
119 2618
120 4040
121 2366
122 498
123 6611
124 7000
125 5994
126 2415
127 6243
128 2951
129 7213
130 3326
131 4554
132 5042
133 3435
134 7209
135 1437
136 6440
137 6706
138 6975
139 1418
140 2232
141 6798
142 4445
143 4374
144 6202
145 4177
146 5498
147 5562
148 5799
149 4899
150 3512
151 505
152 5735
153 6858
154 3492
155 675
156 5904
157 5794
158 4309
159 25
160 6378
161 3304
162 1604
163 641
164 2696
165 4525
166 4568
167 2005
168 5572
169 595
170 3663
171 1986
172 3294
173 5617
174 6394
175 6019
176 782
177 2285
178 1874
179 281
180 6441
181 6211
182 3297
183 461
184 3966
185 458
186 73
187 132
188 6748
189 1370
190 5214
191 3393
192 5394
193 1555
194 3816
195 4511
196 383
197 5437
198 5855
199 3623
200 1261
201 3577
202 6545
203 6467
204 2739
205 6879
206 5924
207 3650
208 3087
209 3662
210 4668
211 1265
212 3635
213 651
214 6759
215 2691
216 3286
217 3234
218 6667
219 2305
220 724
221 645
222 3364
223 4915
224 4066
225 2769
226 6641
227 4768
228 3175
229 3478
230 1720
231 2506
232 6682
233 6708
234 4947
235 5657
236 2346
237 2006
238 4290
239 6805
240 3684
241 2627
242 2457
243 4863
244 1151
245 3654
246 2424
247 6389
248 3852
249 2167
250 6739
251 5098
252 269
253 7049
254 2743
255 2358
256 4385
257 2121
258 466
259 5696
260 379
261 2370
262 2842
263 6681
264 6813
265 2517
266 4013
267 4798
268 2098
269 2539
270 3913
271 4475
272 4211
273 2082
274 3424
275 6469
276 188
277 2109
278 6206
279 1615
280 2105
281 6884
282 3515
283 1856
284 3153
285 7100
286 6055
287 244
288 706
289 4519
290 6526
291 3770
292 1142
293 3055
294 886
295 6573
296 2596
297 6547
298 6501
299 7205
300 2977
301 6478
302 2525
303 930
304 2929
305 4514
306 7123
307 226
308 2913
309 2782
310 4431
311 6233
312 361
313 1865
314 2316
315 7017
316 3503
317 82
318 5473
319 3395
320 6621
321 621
322 1819
323 1199
324 496
325 3526
326 6999
327 557
328 3728
329 1156
330 1012
331 4577
332 4376
333 3491
334 5190
335 6535
336 1955
337 6780
338 6076
339 1326
340 3780
341 192
342 6447
343 5628
344 5435
345 4237
346 5449
347 6405
348 1276
349 5358
350 4303
351 420
352 447
353 4172
354 5186
355 4132
356 2093
357 1594
358 2351
359 6464
360 6093
361 3292
362 2417
363 1294
364 6011
365 5597
366 1589
367 1835
368 3819
369 4545
370 4573
371 4280
372 5757
373 1448
374 6955
375 3496
376 3214
377 127
378 3441
379 5284
380 5071
381 3807
382 3524
383 1482
384 6410
385 2939
386 1765
387 859
388 5270
389 4289
390 2731
391 4406
392 5399
393 5288
394 5691
395 6374
396 4932
397 3947
398 5989
399 6629
400 4517
401 5116
402 266
403 2907
404 3005
405 509
406 4677
407 2141
408 2891
409 4837
410 5422
411 2835
412 1872
413 4074
414 4694
415 5653
416 6082
417 4341
418 4324
419 5484
420 4310
421 5999
422 6345
423 6700
424 2805
425 2254
426 424
427 3603
428 6476
429 1839
430 2818
431 5776
432 3962
433 4371
434 5070
435 394
436 6065
437 2177
438 6390
439 5827
440 6841
441 5292
442 3612
443 11
444 6766
445 345
446 2796
447 7129
448 3350
449 3268
450 3309
451 2068
452 399
453 4460
454 414
455 3671
456 2817
457 5115
458 1118
459 2895
460 4484
461 6054
462 3850
463 253
464 4693
465 6691
466 4183
467 6479
468 5788
469 4559
470 3433
471 5962
472 4072
473 797
474 4648
475 6721
476 1515
477 3263
478 6768
479 2287
480 325
481 4857
482 4679
483 53
484 3803
485 3791
486 887
487 432
488 4111
489 3624
490 3919
491 3876
492 3861
493 206
494 5277
495 7211
496 2043
497 4322
498 4887
499 4897
500 4440
501 3698
502 1236
503 722
504 5534
505 5743
506 3839
507 5185
508 6916
509 4718
510 2168
511 4714
512 6012
513 3325
514 1801
515 212
516 6847
517 3616
518 6303
519 4193
520 4054
521 3136
522 3049
523 5477
524 3907
525 7056
526 2484
527 1797
528 565
529 3806
530 4048
531 663
532 1960
533 6400
534 707
535 3863
536 2118
537 370
538 280
539 4075
540 996
541 5221
542 2162
543 489
544 5599
545 2339
546 6524
547 6566
548 3940
549 3226
550 4596
551 6942
552 4154
553 2331
554 6956
555 714
556 6219
557 343
558 1010
559 2330
560 6797
561 1305
562 3258
563 3941
564 5741
565 4403
566 2164
567 5590
568 3056
569 1286
570 7108
571 2139
572 6262
573 6150
574 2041
575 360
576 5870
577 7239
578 3030
579 1339
580 524
581 2872
582 609
583 3822
584 6286
585 1657
586 1641
587 2448
588 2108
589 6979
590 2544
591 1397
592 6500
593 5972
594 3337
595 5286
596 1311
597 6699
598 2855
599 2078
600 2904
601 1406
602 4813
603 3647
604 1407
605 6326
606 7191
607 6249
608 6729
609 3213
610 2363
611 6944
612 6407
613 7060
614 3761
615 6932
616 4945
617 3296
618 5603
619 6484
620 1077
621 2800
622 6368
623 5409
624 3570
625 7197
626 7086
627 7114
628 4779
629 7030
630 5316
631 3437
632 1664
633 5441
634 4274
635 5857
636 2815
637 3959
638 5714
639 4606
640 718
641 2283
642 7139
643 1860
644 1632
645 4415
646 6626
647 5132
648 3301
649 3949
650 5490
651 1327
652 2771
653 7220
654 6951
655 3537
656 4865
657 4219
658 5987
659 5975
660 4362
661 4414
662 4386
663 1187
664 959
665 5418
666 2958
667 2588
668 5411
669 2371
670 4936
671 1734
672 4308
673 2294
674 4163
675 2638
676 1092
677 5877
678 3260
679 791
680 5178
681 4723
682 1071
683 6933
684 6046
685 7107
686 6929
687 349
688 5365
689 300
690 2131
691 191
692 6843
693 1462
694 3282
695 6123
696 1929
697 4617
698 6964
699 3614
700 157
701 4535
702 2062
703 6199
704 6050
705 1175
706 1032
707 2216
708 2593
709 4908
710 6738
711 4616
712 3219
713 7165
714 3391
715 4864
716 1790
717 4232
718 1628
719 637
720 6363
721 855
722 5494
723 308
724 5791
725 1028
726 1067
727 4267
728 5709
729 6035
730 3146
731 6941
732 5601
733 1214
734 200
735 2864
736 6138
737 2709
738 5123
739 1825
740 5582
741 5248
742 4035
743 1460
744 6328
745 5351
746 5615
747 4832
748 2336
749 3841
750 6349
751 5749
752 7016
753 3343
754 1886
755 3024
756 3911
757 3307
758 1141
759 1699
760 1072
761 5699
762 5183
763 1470
764 3358
765 10
766 5923
767 278
768 5403
769 5278
770 5505
771 6784
772 5052
773 3159
774 759
775 3090
776 7204
777 1545
778 6420
779 1745
780 6811
781 3598
782 4582
783 130
784 29
785 4968
786 4307
787 2503
788 4520
789 6795
790 3041
791 41
792 1899
793 875
794 5966
795 6791
796 3487
797 5927
798 6888
799 1813
800 4123
801 3743
802 6830
803 7136
804 69
805 3678
806 4235
807 3583
808 3161
809 0
810 2601
811 5040
812 3729
813 4369
814 2753
815 6330
816 741
817 2602
818 3680
819 7043
820 3411
821 3037
822 694
823 3789
824 3618
825 2413
826 3021
827 3072
828 1202
829 4626
830 3321
831 5326
832 3089
833 6415
834 957
835 187
836 6577
837 37
838 1387
839 50
840 2868
841 3248
842 1605
843 4534
844 7027
845 4197
846 7233
847 1133
848 6366
849 1618
850 5539
851 4424
852 4474
853 1321
854 3472
855 5511
856 3493
857 1073
858 3097
859 7105
860 393
861 7008
862 1216
863 5763
864 2214
865 2074
866 3766
867 3148
868 1238
869 1596
870 1076
871 6175
872 5054
873 2564
874 3486
875 5928
876 3225
877 7147
878 3869
879 569
880 293
881 7242
882 93
883 4225
884 3812
885 3847
886 6988
887 5283
888 7120
889 6976
890 2386
891 697
892 6358
893 1687
894 2173
895 14
896 4807
897 2022
898 6546
899 4578
900 4963
901 2113
902 1041
903 3194
904 533
905 6981
906 4188
907 1280
908 1945
909 7025
910 5128
911 6409
912 1495
913 2555
914 7189
915 2851
916 4880
917 481
918 6862
919 2061
920 4221
921 3613
922 7059
923 5161
924 2202
925 1564
926 5938
927 4465
928 1534
929 5025
930 3447
931 302
932 1897
933 593
934 6061
935 5579
936 1993
937 7195
938 1476
939 4716
940 3918
941 43
942 1721
943 2783
944 4191
945 2612
946 6452
947 4391
948 4686
949 86
950 5019
951 2960
952 5463
953 6242
954 1278
955 914
956 67
957 6965
958 2039
959 3830
960 5676
961 1992
962 4657
963 864
964 6709
965 2984
966 80
967 1754
968 5032
969 1645
970 7181
971 3191
972 6439
973 2701
974 5718
975 1652
976 5874
977 3133
978 1078
979 4210
980 6465
981 6580
982 5421
983 4084
984 1997
985 1866
986 3073
987 2380
988 5066
989 1383
990 6052
991 2936
992 2150
993 4715
994 3773
995 790
996 3185
997 3082
998 3080
999 6846
1000 4734
1001 4053
1002 5689
1003 1255
1004 990
1005 2746
1006 1174
1007 6481
1008 5043
1009 1494
1010 1787
1011 1934
1012 1730
1013 516
1014 2187
1015 4301
1016 4143
1017 846
1018 6101
1019 2831
1020 547
1021 2246
1022 4390
1023 1137
1024 248
1025 2755
1026 1231
1027 6523
1028 4325
1029 3216
1030 6997
1031 3119
1032 4785
1033 3145
1034 558
1035 2940
1036 115
1037 1249
1038 6648
1039 1465
1040 6512
1041 1263
1042 3917
1043 3963
1044 1332
1045 6604
1046 2528
1047 224
1048 4384
1049 739
1050 4706
1051 1631
1052 6373
1053 7163
1054 2945
1055 5121
1056 2257
1057 2546
1058 556
1059 4910
1060 7113
1061 1760
1062 451
1063 4297
1064 6090
1065 562
1066 3740
1067 2804
1068 228
1069 4948
1070 42
1071 5426
1072 3801
1073 5881
1074 4581
1075 6342
1076 5164
1077 3054
1078 1282
1079 5618
1080 7212
1081 4895
1082 6845
1083 1672
1084 898
1085 6340
1086 4512
1087 120
1088 4934
1089 3821
1090 883
1091 2183
1092 7219
1093 2123
1094 614
1095 710
1096 2219
1097 3621
1098 181
1099 2220
1100 4855
1101 4655
1102 6539
1103 3443
1104 4886
1105 2030
1106 622
1107 6106
1108 4495
1109 6683
1110 642
1111 1830
1112 6049
1113 1788
1114 4185
1115 38
1116 503
1117 5251
1118 1739
1119 654
1120 2955
1121 3003
1122 2075
1123 5977
1124 2642
1125 6435
1126 4663
1127 572
1128 653
1129 6643
1130 6002
1131 3578
1132 6141
1133 1145
1134 1103
1135 3186
1136 2147
1137 4217
1138 1918
1139 4017
1140 3681
1141 484
1142 2406
1143 3438
1144 5136
1145 6263
1146 4538
1147 3689
1148 2004
1149 1704
1150 5570
1151 24
1152 4020
1153 1818
1154 6336
1155 5872
1156 6227
1157 5000
1158 4873
1159 5155
1160 3550
1161 2809
1162 333
1163 584
1164 6927
1165 4099
1166 372
1167 2221
1168 6893
1169 6
1170 2356
1171 1444
1172 6274
1173 4893
1174 54
1175 2744
1176 4363
1177 2811
1178 833
1179 7092
1180 5120
1181 5375
1182 5384
1183 5009
1184 6395
1185 995
1186 6483
1187 4045
1188 4738
1189 6257
1190 1192
1191 2348
1192 4463
1193 6355
1194 247
1195 5446
1196 7106
1197 2606
1198 825
1199 778
1200 2867
1201 2481
1202 7095
1203 1113
1204 6530
1205 3031
1206 6628
1207 6589
1208 4997
1209 1080
1210 342
1211 1775
1212 2295
1213 885
1214 2429
1215 2946
1216 5644
1217 3752
1218 220
1219 1748
1220 4796
1221 1159
1222 5457
1223 4337
1224 5105
1225 5721
1226 2390
1227 4992
1228 6568
1229 6905
1230 3732
1231 2266
1232 1155
1233 5652
1234 113
1235 2763
1236 1768
1237 7093
1238 3809
1239 4360
1240 2452
1241 1508
1242 6901
1243 1318
1244 2553
1245 2263
1246 405
1247 4200
1248 4725
1249 261
1250 4563
1251 1507
1252 7015
1253 5851
1254 387
1255 5974
1256 4601
1257 1087
1258 5281
1259 2468
1260 5367
1261 2055
1262 1660
1263 545
1264 125
1265 2329
1266 7229
1267 5038
1268 3686
1269 1464
1270 2757
1271 5662
1272 1135
1273 5976
1274 1570
1275 2419
1276 2345
1277 7138
1278 5945
1279 1177
1280 7228
1281 6006
1282 121
1283 6377
1284 3516
1285 5373
1286 1697
1287 3
1288 4810
1289 3856
1290 1395
1291 3266
1292 285
1293 6449
1294 5734
1295 252
1296 4199
1297 942
1298 165
1299 5886
1300 147
1301 5080
1302 6041
1303 3842
1304 4014
1305 966
1306 472
1307 3466
1308 74
1309 3750
1310 5732
1311 851
1312 66
1313 91
1314 3230
1315 847
1316 4091
1317 4392
1318 1227
1319 3134
1320 5759
1321 1209
1322 5086
1323 4381
1324 4055
1325 6136
1326 6112
1327 2646
1328 5140
1329 955
1330 4748
1331 4571
1332 7096
1333 3502
1334 1647
1335 4024
1336 1723
1337 183
1338 1921
1339 5439
1340 1802
1341 214
1342 2875
1343 838
1344 6702
1345 7081
1346 3712
1347 813
1348 5075
1349 4958
1350 5712
1351 3376
1352 5387
1353 5176
1354 3792
1355 2662
1356 3445
1357 1333
1358 1649
1359 2707
1360 2077
1361 5659
1362 4110
1363 6316
1364 548
1365 1610
1366 4494
1367 1556
1368 1821
1369 1972
1370 1637
1371 3259
1372 1783
1373 2932
1374 2110
1375 2197
1376 6741
1377 1042
1378 4613
1379 2449
1380 3924
1381 1
1382 5909
1383 5871
1384 1863
1385 6890
1386 2845
1387 1081
1388 2185
1389 4685
1390 5649
1391 4531
1392 1445
1393 5965
1394 3641
1395 807
1396 5240
1397 6736
1398 3627
1399 6426
1400 3229
1401 2882
1402 1926
1403 4965
1404 2565
1405 5716
1406 2145
1407 4879
1408 388
1409 3975
1410 3622
1411 2134
1412 5990
1413 671
1414 5273
1415 4212
1416 534
1417 2976
1418 6182
1419 5564
1420 26
1421 2567
1422 4254
1423 1130
1424 2792
1425 3509
1426 2081
1427 4265
1428 1425
1429 2586
1430 5812
1431 5779
1432 4680
1433 4473
1434 3675
1435 2910
1436 154
1437 6310
1438 4924
1439 4245
1440 6651
1441 2665
1442 2224
1443 1717
1444 5181
1445 4317
1446 3449
1447 6142
1448 2568
1449 4257
1450 591
1451 5438
1452 5592
1453 2122
1454 3882
1455 2325
1456 1360
1457 5328
1458 148
1459 6631
1460 3894
1461 1939
1462 3746
1463 5577
1464 2892
1465 3566
1466 3102
1467 5067
1468 163
1469 5561
1470 1298
1471 2802
1472 5260
1473 249
1474 4181
1475 2034
1476 1716
1477 5556
1478 6419
1479 1480
1480 4949
1481 2723
1482 257
1483 3730
1484 4064
1485 3981
1486 2850
1487 6004
1488 6532
1489 6726
1490 7232
1491 2014
1492 3567
1493 4150
1494 1847
1495 5936
1496 311
1497 7218
1498 4570
1499 4120
1500 2742
1501 3048
1502 3890
1503 6763
1504 6475
1505 5935
1506 2416
1507 2400
1508 3324
1509 4871
1510 2535
1511 6985
1512 999
1513 4661
1514 6323
1515 2629
1516 4671
1517 5506
1518 4778
1519 2250
1520 3270
1521 408
1522 2879
1523 2915
1524 3199
1525 2322
1526 6783
1527 6822
1528 860
1529 2712
1530 3202
1531 428
1532 262
1533 1521
1534 4343
1535 1719
1536 2258
1537 805
1538 4508
1539 2860
1540 2711
1541 5624
1542 3992
1543 6661
1544 6437
1545 3363
1546 6302
1547 2645
1548 1104
1549 3957
1550 7241
1551 2545
1552 1195
1553 381
1554 2726
1555 5255
1556 937
1557 6102
1558 6164
1559 1330
1560 4751
1561 3737
1562 3666
1563 3498
1564 1101
1565 6656
1566 5784
1567 1316
1568 161
1569 7186
1570 292
1571 5507
1572 4828
1573 2799
1574 1449
1575 1050
1576 6474
1577 2272
1578 6642
1579 1845
1580 1106
1581 767
1582 6778
1583 4688
1584 610
1585 947
1586 3085
1587 1777
1588 6158
1589 510
1590 4176
1591 1617
1592 3835
1593 5483
1594 6482
1595 6109
1596 4872
1597 1498
1598 2637
1599 3098
1600 4416
1601 6215
1602 873
1603 1923
1604 4298
1605 1136
1606 1789
1607 1844
1608 1828
1609 4993
1610 3912
1611 3637
1612 6122
1613 81
1614 981
1615 6105
1616 3879
1617 5890
1618 4740
1619 2656
1620 1518
1621 2550
1622 6882
1623 7007
1624 1920
1625 5390
1626 1582
1627 3826
1628 3315
1629 824
1630 3355
1631 755
1632 5693
1633 1394
1634 5993
1635 454
1636 553
1637 6959
1638 3602
1639 4336
1640 2181
1641 6311
1642 5643
1643 6053
1644 5366
1645 488
1646 6527
1647 3385
1648 5170
1649 1804
1650 4097
1651 4624
1652 1553
1653 4590
1654 5978
1655 4080
1656 1584
1657 6223
1658 5817
1659 6931
1660 6885
1661 1602
1662 5593
1663 2702
1664 2106
1665 6025
1666 6433
1667 5496
1668 4792
1669 1976
1670 2829
1671 4736
1672 752
1673 6198
1674 1900
1675 850
1676 1066
1677 4226
1678 1086
1679 1350
1680 2017
1681 3002
1682 494
1683 3253
1684 1346
1685 3278
1686 1786
1687 5988
1688 39
1689 5937
1690 2418
1691 7236
1692 5175
1693 5092
1694 5667
1695 4305
1696 1731
1697 4125
1698 425
1699 1485
1700 4330
1701 4367
1702 334
1703 5362
1704 5801
1705 4334
1706 3456
1707 423
1708 540
1709 2364
1710 2556
1711 2027
1712 3182
1713 5922
1714 5510
1715 4658
1716 3405
1717 1405
1718 5518
1719 940
1720 3580
1721 6165
1722 6487
1723 2552
1724 3982
1725 6203
1726 2379
1727 6209
1728 2209
1729 3972
1730 5868
1731 5555
1732 7028
1733 7245
1734 3922
1735 1670
1736 2048
1737 5939
1738 1193
1739 1510
1740 6362
1741 2059
1742 877
1743 4041
1744 6606
1745 5867
1746 2554
1747 843
1748 6185
1749 3554
1750 5223
1751 4749
1752 1663
1753 1932
1754 2620
1755 709
1756 1479
1757 4986
1758 62
1759 5
1760 4259
1761 1336
1762 2925
1763 3513
1764 492
1765 6915
1766 4413
1767 375
1768 5466
1769 2083
1770 4082
1771 5703
1772 5840
1773 4687
1774 2396
1775 630
1776 3311
1777 4213
1778 2661
1779 3010
1780 77
1781 6963
1782 918
1783 3744
1784 22
1785 3195
1786 1167
1787 3726
1788 5125
1789 487
1790 3633
1791 3394
1792 5258
1793 7178
1794 4339
1795 5256
1796 4691
1797 2922
1798 2762
1799 4496
1800 6662
1801 2694
1802 6777
1803 6758
1804 6146
1805 2456
1806 7188
1807 4527
1808 4501
1809 6762
1810 4299
1811 3251
1812 3672
1813 5269
1814 4354
1815 3767
1816 3862
1817 3237
1818 2360
1819 1331
1820 5683
1821 5246
1822 1161
1823 4016
1824 3086
1825 2820
1826 3121
1827 3170
1828 1257
1829 3017
1830 4278
1831 1143
1832 3542
1833 4085
1834 972
1835 5215
1836 4953
1837 2861
1838 2171
1839 204
1840 2430
1841 3142
1842 3160
1843 1233
1844 6003
1845 4764
1846 2727
1847 5888
1848 2834
1849 5979
1850 6454
1851 7090
1852 5084
1853 5522
1854 6385
1855 2206
1856 5245
1857 3033
1858 2475
1859 5417
1860 1090
1861 6413
1862 1148
1863 5958
1864 3179
1865 6701
1866 6807
1867 5604
1868 6634
1869 5893
1870 536
1871 31
1872 3431
1873 4850
1874 881
1875 4824
1876 954
1877 3511
1878 835
1879 1505
1880 5110
1881 5675
1882 5995
1883 2854
1884 5969
1885 5129
1886 4316
1887 5454
1888 5332
1889 2242
1890 1752
1891 3874
1892 4523
1893 2603
1894 4896
1895 6017
1896 6673
1897 4537
1898 288
1899 6704
1900 4283
1901 1535
1902 6312
1903 2839
1904 4713
1905 2812
1906 4861
1907 2935
1908 6755
1909 6023
1910 201
1911 5559
1912 6089
1913 4481
1914 4709
1915 2249
1916 6874
1917 5033
1918 79
1919 783
1920 2233
1921 1597
1922 2423
1923 5168
1924 3139
1925 6108
1926 6569
1927 6718
1928 1549
1929 7203
1930 7036
1931 2265
1932 3711
1933 5651
1934 5677
1935 6230
1936 2813
1937 5064
1938 2989
1939 3257
1940 6458
1941 6695
1942 3818
1943 3594
1944 3608
1945 51
1946 4078
1947 4351
1948 1125
1949 5811
1950 44
1951 677
1952 277
1953 4096
1954 4462
1955 3141
1956 7022
1957 2515
1958 3639
1959 6322
1960 491
1961 1215
1962 2199
1963 3279
1964 2673
1965 5961
1966 155
1967 6551
1968 4870
1969 3903
1970 5773
1971 6022
1972 3674
1973 6091
1974 2700
1975 3769
1976 3351
1977 6036
1978 5327
1979 4528
1980 354
1981 4632
1982 2735
1983 2163
1984 3340
1985 2402
1986 7143
1987 3274
1988 2853
1989 4750
1990 305
1991 3422
1992 2463
1993 5509
1994 1644
1995 3481
1996 1188
1997 2411
1998 2079
1999 6953
2000 4419
2001 1842
2002 3165
2003 4994
2004 1172
2005 2334
2006 2381
2007 5848
2008 3661
2009 6008
2010 5710
2011 763
2012 144
2013 378
2014 4831
2015 5671
2016 3734
2017 1023
2018 5973
2019 3902
2020 469
2021 703
2022 5413
2023 1173
2024 3589
2025 169
2026 3827
2027 6184
2028 5804
2029 6293
2030 1577
2031 5636
2032 6251
2033 4189
2034 1989
2035 6422
2036 118
2037 6026
2038 193
2039 5489
2040 3664
2041 1516
2042 5879
2043 2196
2044 7048
2045 1889
2046 1472
2047 7243
2048 658
2049 473
2050 1685
2051 3400
2052 4572
2053 2021
2054 5998
2055 933
2056 5793
2057 6716
2058 5563
2059 6556
2060 205
2061 3536
2062 2587
2063 2934
2064 1271
2065 4407
2066 1463
2067 532
2068 4721
2069 2571
2070 5226
2071 3372
2072 3143
2073 1522
2074 6622
2075 5635
2076 3563
2077 290
2078 3349
2079 5797
2080 5234
2081 3605
2082 1962
2083 4224
2084 2643
2085 4623
2086 5171
2087 4823
2088 5594
2089 5686
2090 4794
2091 1183
2092 3528
2093 2786
2094 753
2095 3495
2096 3417
2097 7112
2098 754
2099 4522
2100 493
2101 3888
2102 4753
2103 4002
2104 5521
2105 3375
2106 3727
2107 796
2108 3768
2109 5330
2110 1446
2111 4942
2112 6833
2113 6938
2114 1291
2115 4698
2116 7044
2117 5820
2118 7190
2119 4856
2120 5348
2121 5715
2122 6201
2123 4586
2124 4916
2125 5921
2126 5960
2127 5345
2128 7247
2129 768
2130 6827
2131 831
2132 1432
2133 6423
2134 1970
2135 3224
2136 5769
2137 1695
2138 1483
2139 611
2140 6921
2141 2580
2142 1656
2143 3144
2144 3565
2145 6119
2146 3795
2147 1158
2148 2594
2149 4972
2150 3079
2151 5903
2152 2965
2153 4234
2154 6789
2155 4300
2156 4774
2157 97
2158 5957
2159 6190
2160 1165
2161 2096
2162 5320
2163 3425
2164 4019
2165 1815
2166 6264
2167 3436
2168 3327
2169 514
2170 2838
2171 5753
2172 4166
2173 1267
2174 6145
2175 5148
2176 889
2177 1338
2178 2176
2179 1196
2180 4876
2181 4195
2182 2598
2183 2908
2184 862
2185 1392
2186 3388
2187 5980
2188 3281
2189 858
2190 6005
2191 4441
2192 650
2193 6623
2194 6369
2195 4925
2196 4231
2197 5906
2198 4901
2199 2388
2200 1421
2201 1607
2202 6485
2203 5112
2204 1503
2205 6172
2206 2547
2207 1580
2208 5880
2209 4448
2210 1243
2211 3413
2212 4827
2213 6655
2214 698
2215 3837
2216 5455
2217 4826
2218 5297
2219 2453
2220 6063
2221 6829
2222 1709
2223 35
2224 2414
2225 4071
2226 4295
2227 5940
2228 196
2229 2493
2230 1676
2231 6698
2232 539
2233 4379
2234 2367
2235 4178
2236 441
2237 6782
2238 2282
2239 5450
2240 406
2241 2338
2242 6864
2243 1434
2244 5503
2245 4129
2246 4187
2247 605
2248 5103
2249 7184
2250 7052
2251 5560
2252 3264
2253 6983
2254 1477
2255 912
2256 950
2257 5205
2258 233
2259 7206
2260 2996
2261 3254
2262 5823
2263 7021
2264 6747
2265 4926
2266 6588
2267 2009
2268 2352
2269 3739
2270 314
2271 4604
2272 4814
2273 1679
2274 736
2275 6947
2276 1452
2277 3488
2278 3167
2279 1547
2280 866
2281 4744
2282 3061
2283 6790
2284 271
2285 2498
2286 2472
2287 680
2288 2393
2289 7035
2290 7034
2291 4022
2292 1885
2293 7240
2294 3508
2295 5433
2296 5864
2297 2240
2298 5467
2299 3427
2300 1201
2301 3083
2302 4853
2303 5053
2304 3361
2305 6143
2306 1391
2307 1466
2308 4645
2309 3813
2310 3751
2311 4338
2312 2679
2313 2883
2314 2766
2315 4692
2316 6549
2317 5073
2318 832
2319 943
2320 353
2321 6514
2322 1274
2323 5596
2324 4803
2325 4288
2326 2733
2327 3804
2328 6110
2329 6488
2330 1814
2331 3636
2332 1244
2333 3893
2334 3329
2335 6836
2336 4214
2337 2675
2338 1696
2339 3836
2340 56
2341 4962
2342 1095
2343 6974
2344 5137
2345 5261
2346 2432
2347 1219
2348 1692
2349 4950
2350 3848
2351 1098
2352 4845
2353 3815
2354 900
2355 2909
2356 2566
2357 2422
2358 7
2359 1120
2360 1428
2361 1065
2362 1229
2363 2436
2364 4429
2365 4782
2366 5918
2367 4421
2368 2255
2369 4470
2370 744
2371 306
2372 2311
2373 3328
2374 1497
2375 3892
2376 6595
2377 5585
2378 5339
2379 984
2380 7145
2381 1246
2382 1204
2383 4978
2384 1919
2385 728
2386 5146
2387 2431
2388 1314
2389 3104
2390 719
2391 1335
2392 189
2393 2148
2394 2488
2395 482
2396 686
2397 5782
2398 2028
2399 3551
2400 4365
2401 2243
2402 2063
2403 2649
2404 515
2405 5401
2406 356
2407 971
2408 4170
2409 6334
2410 5356
2411 917
2412 923
2413 5172
2414 5622
2415 1682
2416 1375
2417 1292
2418 4911
2419 366
2420 2138
2421 3457
2422 3218
2423 4784
2424 5700
2425 3291
2426 3736
2427 1782
2428 1325
2429 110
2430 2495
2431 255
2432 2905
2433 1247
2434 4229
2435 2597
2436 5775
2437 4786
2438 1851
2439 784
2440 6455
2441 878
2442 5808
2443 4106
2444 2725
2445 2256
2446 1285
2447 868
2448 5968
2449 4728
2450 4699
2451 1710
2452 738
2453 2513
2454 1816
2455 3625
2456 573
2457 4701
2458 6922
2459 5629
2460 2947
2461 523
2462 5072
2463 3683
2464 359
2465 1643
2466 3403
2467 1147
2468 4825
2469 1639
2470 2387
2471 2092
2472 221
2473 3336
2474 6321
2475 4156
2476 628
2477 894
2478 6600
2479 2369
2480 5107
2481 495
2482 1493
2483 4673
2484 1501
2485 6260
2486 6171
2487 4042
2488 2115
2489 5792
2490 4763
2491 4492
2492 4104
2493 2012
2494 6640
2495 4004
2496 213
2497 577
2498 2146
2499 5406
2500 4930
2501 1358
2502 2466
2503 2245
2504 6359
2505 6802
2506 993
2507 2333
2508 3967
2509 3523
2510 6038
2511 103
2512 3362
2513 3197
2514 6181
2515 4574
2516 1651
2517 1781
2518 6398
2519 2033
2520 1295
2521 7130
2522 1415
2523 2318
2524 416
2525 1099
2526 4030
2527 607
2528 1937
2529 3036
2530 3996
2531 2317
2532 5453
2533 2344
2534 3935
2535 6880
2536 1616
2537 6032
2538 1365
2539 5739
2540 5492
2541 6269
2542 2591
2543 4722
2544 5670
2545 6786
2546 537
2547 2808
2548 5188
2549 666
2550 5331
2551 141
2552 1998
2553 5425
2554 2182
2555 3122
2556 2659
2557 5901
2558 5065
2559 781
2560 7251
2561 470
2562 4529
2563 476
2564 1181
2565 4115
2566 2859
2567 5519
2568 210
2569 4752
2570 4269
2571 5210
2572 2324
2573 4140
2574 4493
2575 1424
2576 5895
2577 4291
2578 5722
2579 1259
2580 5031
2581 5930
2582 580
2583 480
2584 5567
2585 1008
2586 4629
2587 5748
2588 4555
2589 3596
2590 194
2591 2018
2592 3690
2593 1581
2594 1017
2595 6344
2596 6928
2597 1185
2598 6657
2599 5276
2600 6489
2601 2389
2602 3991
2603 3113
2604 2218
2605 2310
2606 1068
2607 7089
2608 1591
2609 1880
2610 373
2611 3088
2612 5971
2613 2135
2614 924
2615 4846
2616 1097
2617 6898
2618 4486
2619 626
2620 1671
2621 2677
2622 550
2623 3607
2624 4364
2625 6289
2626 1770
2627 5447
2628 2814
2629 5486
2630 411
2631 2284
2632 1239
2633 4878
2634 3910
2635 3762
2636 1870
2637 397
2638 814
2639 1422
2640 882
2641 4608
2642 2434
2643 508
2644 5337
2645 6248
2646 4190
2647 4467
2648 5353
2649 199
2650 7042
2651 6646
2652 519
2653 746
2654 5822
2655 2251
2656 450
2657 1245
2658 2584
2659 4114
2660 166
2661 4609
2662 4605
2663 6096
2664 5678
2665 2172
2666 897
2667 5307
2668 5293
2669 6301
2670 28
2671 3510
2672 4138
2673 3181
2674 4169
2675 6353
2676 2337
2677 1983
2678 5512
2679 3368
2680 2928
2681 2886
2682 6060
2683 5074
2684 367
2685 5802
2686 409
2687 2870
2688 5516
2689 338
2690 7172
2691 6283
2692 7144
2693 4134
2694 2953
2695 7079
2696 5398
2697 2066
2698 440
2699 1254
2700 5319
2701 6472
2702 2573
2703 4119
2704 6278
2705 3617
2706 195
2707 119
2708 705
2709 3934
2710 5323
2711 1708
2712 5434
2713 2046
2714 1703
2715 2003
2716 4393
2717 2982
2718 5619
2719 4542
2720 5461
2721 6872
2722 6457
2723 5963
2724 6774
2725 7088
2726 106
2727 6021
2728 3023
2729 4174
2730 1069
2731 5026
2732 6511
2733 2439
2734 5668
2735 3060
2736 2479
2737 6235
2738 646
2739 384
2740 4904
2741 3293
2742 2362
2743 4070
2744 1015
2745 499
2746 2703
2747 3713
2748 5008
2749 20
2750 2483
2751 159
2752 2706
2753 2653
2754 1056
2755 6540
2756 234
2757 5436
2758 4382
2759 5195
2760 2663
2761 4370
2762 2072
2763 5526
2764 5702
2765 1079
2766 6084
2767 6121
2768 3844
2769 6277
2770 5684
2771 1055
2772 2896
2773 815
2774 2579
2775 2617
2776 5818
2777 4777
2778 934
2779 2275
2780 4939
2781 2186
2782 1436
2783 6510
2784 6949
2785 2658
2786 4121
2787 5682
2788 5833
2789 3166
2790 3805
2791 1117
2792 1805
2793 6392
2794 2244
2795 3360
2796 1902
2797 5315
2798 2719
2799 3322
2800 1795
2801 848
2802 2407
2803 2999
2804 5588
2805 3169
2806 3001
2807 3319
2808 4
2809 6371
2810 6769
2811 433
2812 525
2813 123
2814 3209
2815 639
2816 3344
2817 1153
2818 1340
2819 7157
2820 6710
2821 4223
2822 270
2823 2572
2824 3926
2825 2843
2826 6876
2827 4628
2828 5005
2829 4610
2830 1105
2831 5911
2832 217
2833 5459
2834 2509
2835 3880
2836 5311
2837 2203
2838 5456
2839 2537
2840 2897
2841 1791
2842 1736
2843 1871
2844 6900
2845 6522
2846 4667
2847 1811
2848 1654
2849 2521
2850 6383
2851 49
2852 2095
2853 3610
2854 834
2855 6732
2856 55
2857 5917
2858 2760
2859 7085
2860 4326
2861 3749
2862 2104
2863 6647
2864 1288
2865 3408
2866 2485
2867 704
2868 1123
2869 6001
2870 2288
2871 5541
2872 4272
2873 1349
2874 5719
2875 2683
2876 275
2877 326
2878 5089
2879 1240
2880 2151
2881 2157
2882 63
2883 1225
2884 3562
2885 5160
2886 6387
2887 6081
2888 5113
2889 3960
2890 4717
2891 5225
2892 884
2893 1823
2894 6812
2895 903
2896 4153
2897 3276
2898 7121
2899 1543
2900 45
2901 1611
2902 1430
2903 2714
2904 4730
2905 3724
2906 3950
2907 7023
2908 4491
2909 2161
2910 785
2911 3753
2912 2797
2913 541
2914 3970
2915 4603
2916 5889
2917 5233
2918 1724
2919 3569
2920 7222
2921 852
2922 2846
2923 4704
2924 2604
2925 5750
2926 2569
2927 3901
2928 4789
2929 4069
2930 6787
2931 1546
2932 1440
2933 4631
2934 4891
2935 4580
2936 2192
2937 7046
2938 5232
2939 3733
2940 6375
2941 4952
2942 4164
2943 4168
2944 6432
2945 2522
2946 5882
2947 4247
2948 4726
2949 6247
2950 3352
2951 4532
2952 6043
2953 526
2954 5853
2955 1302
2956 919
2957 3701
2958 4783
2959 6639
2960 5885
2961 1011
2962 1433
2963 6731
2964 1100
2965 4442
2966 104
2967 1953
2968 6332
2969 6018
2970 6616
2971 6515
2972 402
2973 3429
2974 4502
2975 5859
2976 4669
2977 6894
2978 2476
2979 7074
2980 4540
2981 4446
2982 787
2983 7202
2984 4884
2985 3058
2986 4058
2987 1208
2988 2477
2989 6693
2990 4754
2991 2607
2992 2056
2993 5829
2994 4550
2995 3243
2996 6958
2997 2576
2998 608
2999 1127
3000 150
3001 1138
3002 6924
3003 1490
3004 6886
3005 5282
3006 3704
3007 6418
3008 1864
3009 6128
3010 3870
3011 5545
3012 6309
3013 2458
3014 2667
3015 2300
3016 3110
3017 4665
3018 804
3019 6593
3020 1646
3021 1975
3022 1753
3023 6306
3024 2684
3025 2609
3026 5685
3027 4192
3028 88
3029 5045
3030 2076
3031 6637
3032 2462
3033 4553
3034 1712
3035 6020
3036 5378
3037 6504
3038 377
3039 386
3040 7207
3041 2499
3042 1538
3043 7200
3044 3506
3045 6240
3046 6781
3047 5216
3048 6835
3049 8
3050 2213
3051 1222
3052 282
3053 4220
3054 6044
3055 3317
3056 5768
3057 21
3058 1299
3059 6048
3060 5831
3061 951
3062 1039
3063 5131
3064 922
3065 925
3066 2614
3067 362
3068 6427
3069 2455
3070 602
3071 4882
3072 7067
3073 1681
3074 2315
3075 3834
3076 837
3077 1402
3078 17
3079 1206
3080 2595
3081 1034
3082 4659
3083 7071
3084 6733
3085 2241
3086 3482
3087 3532
3088 4428
3089 2342
3090 6561
3091 5845
3092 3553
3093 5350
3094 3810
3095 6238
3096 1683
3097 5047
3098 1999
3099 5018
3100 2911
3101 2304
3102 1895
3103 5472
3104 1794
3105 4238
3106 137
3107 3980
3108 2758
3109 4007
3110 5166
3111 3665
3112 1576
3113 5815
3114 3799
3115 5634
3116 198
3117 4236
3118 3579
3119 7142
3120 3334
3121 7161
3122 315
3123 99
3124 2631
3125 4471
3126 5193
3127 471
3128 6480
3129 2261
3130 6838
3131 2378
3132 1792
3133 945
3134 5324
3135 1140
3136 4964
3137 789
3138 225
3139 1030
3140 4434
3141 3046
3142 6497
3143 4547
3144 5380
3145 1323
3146 6103
3147 3983
3148 238
3149 2518
3150 7002
3151 5701
3152 5931
3153 3925
3154 4335
3155 2057
3156 3741
3157 617
3158 5279
3159 711
3160 4146
3161 1037
3162 1640
3163 3895
3164 6404
3165 6948
3166 4938
3167 517
3168 6525
3169 3775
3170 135
3171 692
3172 3501
3173 7169
3174 4157
3175 479
3176 321
3177 4562
3178 4988
3179 1184
3180 4306
3181 6917
3182 4100
3183 792
3184 5626
3185 5953
3186 5203
3187 4817
3188 4425
3189 4282
3190 231
3191 4264
3192 5224
3193 229
3194 2044
3195 4906
3196 3865
3197 6911
3198 6224
3199 6548
3200 6678
3201 6139
3202 1459
3203 1451
3204 3790
3205 624
3206 3371
3207 2761
3208 6431
3209 2695
3210 681
3211 5992
3212 422
3213 5451
3214 1426
3215 6234
3216 5707
3217 3414
3218 2765
3219 7124
3220 1251
3221 2464
3222 6810
3223 6438
3224 240
3225 1374
3226 576
3227 1773
3228 1166
3229 1170
3230 5694
3231 3211
3232 2916
3233 5141
3234 6939
3235 1435
3236 6735
3237 1171
3238 443
3239 3231
3240 3979
3241 3256
3242 3111
3243 3677
3244 5321
3245 2036
3246 4320
3247 486
3248 1982
3249 6692
3250 1606
3251 6204
3252 4378
3253 6602
3254 1132
3255 230
3256 1121
3257 1915
3258 5520
3259 4943
3260 3620
3261 2943
3262 3483
3263 6860
3264 3467
3265 1044
3266 5385
3267 2660
3268 2778
3269 3787
3270 6564
3271 2045
3272 1296
3273 7132
3274 5217
3275 5571
3276 2298
3277 4765
3278 232
3279 3682
3280 284
3281 3745
3282 7231
3283 6521
3284 6586
3285 160
3286 1475
3287 563
3288 6751
3289 2681
3290 2705
3291 4585
3292 2015
3293 1879
3294 2724
3295 5692
3296 2871
3297 5891
3298 2065
3299 3544
3300 581
3301 1289
3302 5620
3303 3187
3304 4436
3305 4700
3306 5419
3307 1887
3308 4681
3309 1593
3310 3764
3311 3858
3312 1896
3313 4565
3314 5368
3315 544
3316 890
3317 5850
3318 6177
3319 730
3320 5836
3321 2888
3322 5395
3323 3215
3324 965
3325 6066
3326 2532
3327 7073
3328 6962
3329 1888
3330 1574
3331 3531
3332 1020
3333 2559
3334 1774
3335 1626
3336 5887
3337 3900
3338 3074
3339 3485
3340 6195
3341 4808
3342 3864
3343 1363
3344 5022
3345 3106
3346 4742
3347 1250
3348 4849
3349 521
3350 6824
3351 6509
3352 2698
3353 15
3354 1563
3355 4612
3356 421
3357 3068
3358 817
3359 4296
3360 4277
3361 2428
3362 4087
3363 4314
3364 4145
3365 683
3366 186
3367 6351
3368 901
3369 6015
3370 720
3371 335
3372 4589
3373 465
3374 985
3375 3499
3376 456
3377 2651
3378 6668
3379 5333
3380 1868
3381 2581
3382 6010
3383 2810
3384 3853
3385 2225
3386 7140
3387 687
3388 6133
3389 5852
3390 1877
3391 3549
3392 4602
3393 5745
3394 1608
3395 6724
3396 7078
3397 3402
3398 2361
3399 5642
3400 7011
3401 3757
3402 1150
3403 7091
3404 1705
3405 892
3406 3687
3407 2628
3408 3969
3409 636
3410 1144
3411 2682
3412 870
3413 4458
3414 2986
3415 5314
3416 502
3417 5058
3418 6220
3419 4607
3420 3000
3421 5698
3422 1873
3423 1396
3424 619
3425 3696
3426 3094
3427 6936
3428 6074
3429 2267
3430 3189
3431 4769
3432 960
3433 3978
3434 3163
3435 6714
3436 3948
3437 3705
3438 4010
3439 5580
3440 1398
3441 2029
3442 3527
3443 2253
3444 3095
3445 2286
3446 6324
3447 5432
3448 3019
3449 3838
3450 6305
3451 5444
3452 2533
3453 4741
3454 543
3455 3630
3456 1190
3457 6517
3458 1876
3459 2433
3460 5916
3461 2067
3462 7167
3463 2080
3464 4342
3465 1021
3466 2562
3467 5044
3468 6740
3469 6072
3470 690
3471 5242
3472 2863
3473 6687
3474 3392
3475 4767
3476 4983
3477 4359
3478 3800
3479 3640
3480 1221
3481 5235
3482 1961
3483 105
3484 5309
3485 1337
3486 2051
3487 5416
3488 6618
3489 96
3490 5807
3491 5616
3492 861
3493 7013
3494 3135
3495 5549
3496 5947
3497 1908
3498 1256
3499 2373
3500 819
3501 4375
3502 5156
3503 1006
3504 4791
3505 7152
3506 3116
3507 6443
3508 7148
3509 6421
3510 6578
3511 2000
3512 3458
3513 6734
3514 1038
3515 1182
3516 4635
3517 6255
3518 202
3519 549
3520 2640
3521 2971
3522 6217
3523 3076
3524 4357
3525 6468
3526 3679
3527 6597
3528 4539
3529 6117
3530 3354
3531 876
3532 2273
3533 1152
3534 5959
3535 3051
3536 920
3537 6460
3538 6327
3539 3592
3540 112
3541 1701
3542 5878
3543 4262
3544 5207
3545 1220
3546 3994
3547 2985
3548 4999
3549 4913
3550 909
3551 7238
3552 2247
3553 5458
3554 2543
3555 4076
3556 5202
3557 1751
3558 7084
3559 2721
3560 4546
3561 4907
3562 4560
3563 2100
3564 6075
3565 1911
3566 5640
3567 2821
3568 2917
3569 2561
3570 1194
3571 3692
3572 4160
3573 3053
3574 1766
3575 3155
3576 818
3577 4395
3578 5187
3579 2035
3580 146
3581 1586
3582 3147
3583 6842
3584 149
3585 3601
3586 1359
3587 2421
3588 535
3589 4592
3590 7162
3591 1517
3592 2548
3593 2097
3594 3555
3595 1849
3596 276
3597 2091
3598 6803
3599 95
3600 6995
3601 3448
3602 4062
3603 5828
3604 6290
3605 2689
3606 4976
3607 988
3608 1614
3609 2489
3610 3333
3611 689
3612 403
3613 3546
3614 3889
3615 4331
3616 2903
3617 4447
3618 5152
3619 6713
3620 256
3621 4130
3622 6906
3623 474
3624 3454
3625 5941
3626 6559
3627 4967
3628 3519
3629 2101
3630 7055
3631 1275
3632 1273
3633 32
3634 3998
3635 1026
3636 5298
3637 1293
3638 2770
3639 1003
3640 5742
3641 5476
3642 6282
3643 555
3644 4333
3645 5533
3646 294
3647 485
3648 4139
3649 2970
3650 7164
3651 5925
3652 7116
3653 6208
3654 6462
3655 2978
3656 1987
3657 6666
3658 1530
3659 2741
3660 1457
3661 673
3662 6131
3663 355
3664 1198
3665 1560
3666 3943
3667 6957
3668 5329
3669 5690
3670 2529
3671 5708
3672 1855
3673 3028
3674 4806
3675 6848
3676 6529
3677 2636
3678 3920
3679 3814
3680 4383
3681 3335
3682 4536
3683 3066
3684 2395
3685 5661
3686 4389
3687 7063
3688 5197
3689 5729
3690 2998
3691 1258
3692 7082
3693 4127
3694 2438
3695 691
3696 2343
3697 151
3698 6799
3699 4294
3700 6140
3701 6638
3702 4439
3703 3938
3704 2026
3705 2898
3706 6473
3707 1531
3708 4152
3709 3538
3710 1408
3711 1554
3712 48
3713 6878
3714 3212
3715 3708
3716 437
3717 6554
3718 6296
3719 3196
3720 3747
3721 4569
3722 1588
3723 4588
3724 6434
3725 4443
3726 5513
3727 6817
3728 4505
3729 4451
3730 952
3731 438
3732 794
3733 3421
3734 6490
3735 4255
3736 3997
3737 5352
3738 1957
3739 2394
3740 2112
3741 4733
3742 318
3743 175
3744 5122
3745 2200
3746 6241
3747 5238
3748 327
3749 1857
3750 2189
3751 1916
3752 4710
3753 2671
3754 6370
3755 4979
3756 6565
3757 1658
3758 4933
3759 5557
3760 298
3761 3045
3762 6923
3763 4712
3764 616
3765 2624
3766 1990
3767 3735
3768 236
3769 1785
3770 2941
3771 331
3772 4981
3773 5370
3774 5182
3775 75
3776 1058
3777 3423
3778 6354
3779 3500
3780 5114
3781 5846
3782 5832
3783 7177
3784 3373
3785 5194
3786 6971
3787 4761
3788 994
3789 4771
3790 6612
3791 2693
3792 4292
3793 6859
3794 1601
3795 4524
3796 4461
3797 6579
3798 3533
3799 13
3800 5206
3801 1744
3802 6073
3803 3158
3804 5785
3805 6557
3806 2397
3807 6896
3808 1057
3809 4328
3810 1228
3811 2930
3812 5543
3813 6881
3814 3114
3815 4057
3816 3905
3817 4284
3818 6865
3819 6343
3820 5500
3821 7050
3822 4455
3823 3899
3824 6776
3825 1230
3826 644
3827 6792
3828 3717
3829 7069
3830 2231
3831 747
3832 4646
3833 1684
3834 5157
3835 5227
3836 3149
3837 5744
3838 4118
3839 1548
3840 1693
3841 4507
3842 4476
3843 4025
3844 1372
3845 4898
3846 6507
3847 2467
3848 3958
3849 5730
3850 3561
3851 2217
3852 128
3853 4797
3854 1922
3855 678
3856 6120
3857 1491
3858 5479
3859 4909
3860 4799
3861 1826
3862 6723
3863 139
3864 4086
3865 6601
3866 5639
3867 23
3868 865
3869 716
3870 5663
3871 891
3872 590
3873 4249
3874 4833
3875 3064
3876 3250
3877 407
3878 3407
3879 2994
3880 5586
3881 7249
3882 3235
3883 6226
3884 726
3885 2969
3886 5046
3887 2768
3888 977
3889 2469
3890 5244
3891 7109
3892 997
3893 2125
3894 3989
3895 4842
3896 7062
3897 243
3898 4894
3899 820
3900 142
3901 3855
3902 1623
3903 6773
3904 5873
3905 1385
3906 6124
3907 2899
3908 4641
3909 7041
3910 6348
3911 5499
3912 4206
3913 1841
3914 7031
3915 1700
3916 3062
3917 5656
3918 5037
3919 3298
3920 3125
3921 5838
3922 5942
3923 1126
3924 2993
3925 1727
3926 4433
3927 5720
3928 352
3929 1502
3930 2507
3931 4998
3932 2019
3933 5427
3934 4302
3935 3831
3936 1882
3937 7183
3938 1741
3939 1487
3940 1420
3941 2410
3942 6341
3943 296
3944 2737
3945 3609
3946 4165
3947 6244
3948 6505
3949 4126
3950 3765
3951 701
3952 171
3953 3933
3954 2180
3955 4630
3956 836
3957 1013
3958 6613
3959 274
3960 5803
3961 3611
3962 6210
3963 3469
3964 322
3965 733
3966 4418
3967 1176
3968 6788
3969 635
3970 227
3971 2341
3972 6154
3973 5614
3974 4634
3975 1367
3976 3676
3977 904
3978 4487
3979 5826
3980 4975
3981 351
3982 974
3983 518
3984 457
3985 2191
3986 5638
3987 2323
3988 3725
3989 3462
3990 603
3991 1310
3992 3658
3993 6993
3994 1361
3995 5397
3996 5598
3997 2988
3998 2523
3999 4695
4000 5869
4001 2592
4002 478
4003 849
4004 1655
4005 5914
4006 1861
4007 2807
4008 4552
4009 4780
4010 273
4011 5118
4012 601
4013 3075
4014 2926
4015 4059
4016 1677
4017 4509
4018 6268
4019 7040
4020 3497
4021 5305
4022 2024
4023 4230
4024 2956
4025 7248
4026 350
4027 4252
4028 328
4029 6062
4030 158
4031 5134
4032 1694
4033 1891
4034 6229
4035 2780
4036 5897
4037 283
4038 164
4039 6099
4040 1019
4041 6889
4042 5138
4043 5695
4044 3840
4045 1784
4046 6125
4047 6952
4048 1984
4049 5212
4050 341
4051 1511
4052 1469
4053 4032
4054 122
4055 6477
4056 5736
4057 6162
4058 973
4059 6399
4060 6630
4061 4802
4062 2938
4063 5262
4064 3093
4065 2130
4066 1904
4067 4990
4068 167
4069 6767
4070 5632
4071 1713
4072 771
4073 3366
4074 347
4075 1478
4076 6166
4077 1536
4078 1648
4079 4147
4080 5806
4081 2120
4082 5041
4083 3585
4084 5497
4085 1627
4086 6887
4087 4251
4088 6899
4089 5335
4090 5302
4091 5158
4092 5528
4093 6594
4094 2678
4095 3968
4096 2107
4097 3588
4098 2979
4099 3595
4100 6954
4101 1603
4102 564
4103 2560
4104 6719
4105 5393
4106 6253
4107 1315
4108 5552
4109 3069
4110 4404
4111 2290
4112 4815
4113 3571
4114 6083
4115 5863
4116 2889
4117 6402
4118 5523
4119 332
4120 5257
4121 1910
4122 2222
4123 3507
4124 2238
4125 2368
4126 4050
4127 1930
4128 5672
4129 320
4130 3057
4131 5713
4132 1758
4133 1598
4134 6972
4135 4711
4136 6984
4137 6854
4138 2730
4139 3287
4140 2967
4141 5048
4142 879
4143 821
4144 1409
4145 1443
4146 3369
4147 926
4148 6258
4149 2685
4150 4851
4151 4980
4152 3314
4153 6761
4154 2392
4155 2008
4156 3956
4157 4639
4158 5167
4159 1971
4160 3802
4161 4599
4162 1320
4163 5006
4164 5583
4165 1854
4166 5310
4167 6116
4168 655
4169 4459
4170 776
4171 5290
4172 2235
4173 4051
4174 7057
4175 138
4176 418
4177 1642
4178 6804
4179 5412
4180 4498
4181 6236
4182 1807
4183 1600
4184 6508
4185 3573
4186 3600
4187 1000
4188 638
4189 531
4190 6689
4191 511
4192 6367
4193 5778
4194 1978
4195 3909
4196 4670
4197 6393
4198 260
4199 6715
4200 3645
4201 3401
4202 4499
4203 3131
4204 3471
4205 83
4206 4847
4207 4112
4208 6765
4209 5241
4210 1750
4211 2025
4212 1473
4213 1940
4214 6663
4215 2973
4216 5265
4217 3222
4218 6016
4219 853
4220 4790
4221 7004
4222 3008
4223 6608
4224 4313
4225 844
4226 5781
4227 7018
4228 1869
4229 5731
4230 1592
4231 9
4232 6793
4233 4995
4234 699
4235 1892
4236 5964
4237 6156
4238 1393
4239 2071
4240 435
4241 7037
4242 2704
4243 592
4244 5627
4245 1619
4246 6913
4247 5481
4248 6069
4249 3534
4250 1943
4251 4482
4252 1328
4253 2924
4254 5949
4255 1441
4256 6080
4257 3587
4258 3176
4259 6135
4260 6292
4261 4927
4262 4544
4263 3042
4264 2228
4265 1595
4266 3541
4267 6499
4268 4065
4269 7009
4270 2776
4271 932
4272 2496
4273 5967
4274 1529
4275 4417
4276 5267
4277 1270
4278 1052
4279 2355
4280 5553
4281 5208
4282 4018
4283 1691
4284 3290
4285 1500
4286 597
4287 3138
4288 1838
4289 6285
4290 6994
4291 6591
4292 3117
4293 2450
4294 7198
4295 364
4296 1881
4297 3700
4298 2136
4299 4848
4300 2119
4301 4745
4302 3796
4303 3316
4304 2292
4305 6271
4306 92
4307 4543
4308 7168
4309 3898
4310 696
4311 6307
4312 3302
4313 5495
4314 5117
4315 5407
4316 339
4317 4795
4318 4985
4319 5059
4320 3070
4321 6754
4322 1506
4323 6031
4324 1303
4325 4888
4326 452
4327 2520
4328 5301
4329 6178
4330 209
4331 2445
4332 1914
4333 6772
4334 2890
4335 2798
4336 623
4337 5943
4338 4690
4339 6388
4340 2974
4341 3484
4342 5334
4343 3823
4344 5343
4345 2736
4346 1351
4347 6470
4348 3667
4349 5402
4350 4689
4351 3615
4352 3929
4353 4162
4354 1203
4355 5726
4356 6863
4357 5611
4358 5163
4359 4548
4360 6806
4361 3032
4362 1035
4363 87
4364 3174
4365 5837
4366 3124
4367 3345
4368 582
4369 4480
4370 968
4371 5796
4372 4149
4373 7227
4374 1189
4375 6114
4376 5424
4377 4422
4378 5023
4379 727
4380 2230
4381 3091
4382 4248
4383 1756
4384 1557
4385 2575
4386 7080
4387 6868
4388 3973
4389 1769
4390 3944
4391 5379
4392 1761
4393 4860
4394 3406
4395 5697
4396 5535
4397 4974
4398 4046
4399 5860
4400 4332
4401 4092
4402 4954
4403 6401
4404 4919
4405 1272
4406 2530
4407 731
4408 3288
4409 6541
4410 4101
4411 6252
4412 3409
4413 442
4414 5595
4415 412
4416 2279
4417 4159
4418 826
4419 4323
4420 774
4421 5751
4422 3990
4423 5404
4424 4987
4425 6212
4426 765
4427 6134
4428 6808
4429 6239
4430 336
4431 660
4432 3974
4433 1366
4434 1218
4435 5542
4436 299
4437 4820
4438 6519
4439 6785
4440 2347
4441 2127
4442 1985
4443 4804
4444 2923
4445 1353
4446 6567
4447 856
4448 528
4449 7076
4450 1759
4451 2654
4452 4006
4453 4955
4454 1689
4455 3582
4456 5740
4457 156
4458 1542
4459 4702
4460 5771
4461 4203
4462 979
4463 330
4464 4089
4465 3374
4466 174
4467 4674
4468 4561
4469 5478
4470 3026
4471 6832
4472 6814
4473 2611
4474 3389
4475 5364
4476 3849
4477 1386
4478 3606
4479 2589
4480 893
4481 61
4482 5391
4483 2269
4484 5068
4485 2621
4486 6912
4487 4358
4488 2154
4489 633
4490 969
4491 2948
4492 4984
4493 3006
4494 2049
4495 2613
4496 4931
4497 2740
4498 2084
4499 6903
4500 2676
4501 2634
4502 779
4503 6430
4504 6679
4505 3660
4506 1262
4507 145
4508 1571
4509 4279
4510 1312
4511 6397
4512 3930
4513 2577
4514 7226
4515 7244
4516 1504
4517 6816
4518 2954
4519 1650
4520 3272
4521 4478
4522 2840
4523 3716
4524 215
4525 3643
4526 3190
4527 1840
4528 3078
4529 4732
4530 2306
4531 4398
4532 2090
4533 3127
4534 5294
4535 211
4536 1817
4537 5139
4538 1831
4539 2365
4540 5862
4541 3236
4542 1486
4543 3886
4544 1379
4545 1565
4546 5145
4547 5547
4548 5218
4549 4838
4550 5530
4551 2252
4552 2332
4553 1968
4554 2205
4555 1200
4556 7029
4557 6130
4558 6688
4559 5738
4560 1917
4561 551
4562 1859
4563 4654
4564 6544
4565 4929
4566 2858
4567 6669
4568 6225
4569 5919
4570 613
4571 6961
4572 5504
4573 4355
4574 3331
4575 7087
4576 3988
4577 190
4578 2708
4579 2403
4580 7045
4581 6821
4582 5754
4583 4620
4584 2111
4585 4184
4586 4836
4587 2664
4588 6356
4589 4273
4590 445
4591 5733
4592 600
4593 6605
4594 1742
4595 664
4596 4587
4597 5841
4598 5079
4599 4397
4600 5948
4601 2874
4602 4350
4603 2471
4604 4079
4605 4541
4606 6319
4607 4483
4608 6943
4609 3295
4610 6542
4611 7160
4612 1306
4613 3490
4614 4666
4615 4148
4616 3748
4617 4194
4618 3468
4619 2775
4620 1659
4621 4772
4622 6625
4623 6867
4624 3067
4625 6516
4626 1977
4627 2114
4628 2116
4629 4205
4630 2229
4631 6909
4632 6039
4633 3112
4634 2944
4635 1241
4636 71
4637 6914
4638 5631
4639 5272
4640 3884
4641 2549
4642 2869
4643 4739
4644 1389
4645 4449
4646 4077
4647 5013
4648 4787
4649 5423
4650 3444
4651 4180
4652 6163
4653 6245
4654 4805
4655 7185
4656 3200
4657 6030
4658 1281
4659 1369
4660 4627
4661 1733
4662 1317
4663 2335
4664 938
4665 702
4666 4207
4667 3868
4668 4675
4669 2605
4670 6697
4671 4841
4672 1269
4673 4329
4674 1045
4675 1673
4676 2502
4677 803
4678 5647
4679 2738
4680 961
4681 6313
4682 4349
4683 5263
4684 5681
4685 2751
4686 5414
4687 3442
4688 2234
4689 6058
4690 3386
4691 5900
4692 1308
4693 827
4694 4281
4695 3936
4696 5576
4697 786
4698 5487
4699 2906
4700 2195
4701 3128
4702 4113
4703 235
4704 3851
4705 2722
4706 2657
4707 2788
4708 4982
4709 2885
4710 6151
4711 2504
4712 6503
4713 5060
4714 3685
4715 3249
4716 6194
4717 4396
4718 4052
4719 3463
4720 390
4721 4427
4722 5835
4723 1242
4724 6705
4725 1820
4726 1075
4727 316
4728 1763
4729 3132
4730 5854
4731 5485
4732 6686
4733 3434
4734 4684
4735 2524
4736 4662
4737 579
4738 5342
4739 802
4740 4109
4741 5200
4742 3543
4743 3586
4744 5821
4745 4124
4746 5786
4747 4503
4748 5341
4749 7155
4750 3150
4751 1496
4752 5015
4753 1089
4754 2437
4755 5525
4756 2966
4757 1116
4758 5574
4759 5280
4760 2490
4761 6746
4762 4644
4763 1994
4764 6416
4765 5029
4766 5790
4767 5551
4768 3059
4769 2031
4770 6891
4771 131
4772 5934
4773 2980
4774 1706
4775 16
4776 1412
4777 522
4778 6034
4779 6168
4780 2893
4781 3370
4782 4387
4783 6098
4784 7151
4785 1947
4786 7221
4787 2054
4788 27
4789 1944
4790 6533
4791 1417
4792 4567
4793 4946
4794 307
4795 4479
4796 6216
4797 2494
4798 1248
4799 6424
4800 3359
4801 1378
4802 927
4803 659
4804 2349
4805 5363
4806 2720
4807 3825
4808 1260
4809 4564
4810 1454
4811 6801
4812 427
4813 6855
4814 828
4815 2302
4816 3365
4817 751
4818 3039
4819 1096
4820 585
4821 2803
4822 2505
4823 3271
4824 3207
4825 829
4826 3897
4827 729
4828 1778
4829 60
4830 1780
4831 2616
4832 631
4833 6180
4834 2201
4835 6973
4836 1925
4837 2563
4838 840
4839 5912
4840 749
4841 6265
4842 5078
4843 5077
4844 6875
4845 5746
4846 4839
4847 1633
4848 4506
4849 2103
4850 1909
4851 490
4852 1197
4853 179
4854 4103
4855 4067
4856 5192
4857 2042
4858 3171
4859 6654
4860 1025
4861 3866
4862 4405
4863 4835
4864 5165
4865 3961
4866 500
4867 1002
4868 3657
4869 2236
4870 1901
4871 4497
4872 1431
4873 5727
4874 3188
4875 3777
4876 1489
4877 5220
4878 2959
4879 4760
4880 5569
4881 3050
4882 2793
4883 6411
4884 6196
4885 1268
4886 3034
4887 3843
4888 313
4889 4737
4890 3397
4891 4063
4892 6645
4893 3632
4894 2600
4895 6877
4896 571
4897 6295
4898 2281
4899 6333
4900 4866
4901 899
4902 295
4903 4960
4904 6518
4905 1558
4906 5306
4907 910
4908 1414
4909 5705
4910 395
4911 1803
4912 6728
4913 2672
4914 4773
4915 5336
4916 6627
4917 6013
4918 1319
4919 1347
4920 2211
4921 2541
4922 6550
4923 1134
4924 6364
4925 6818
4926 2002
4927 2848
4928 5584
4929 760
4930 6581
4931 3529
4932 4122
4933 6007
4934 222
4935 78
4936 5004
4937 2320
4938 2514
4939 3137
4940 1024
4941 1738
4942 3859
4943 5849
4944 2446
4945 4008
4946 2060
4947 1484
4948 1399
4949 6361
4950 3832
4951 3697
4952 2570
4953 2053
4954 975
4955 4558
4956 5517
4957 1858
4958 2666
4959 5090
4960 4241
4961 798
4962 3184
4963 6670
4964 3642
4965 287
4966 2822
4967 5153
4968 4380
4969 4600
4970 1798
4971 4775
4972 5097
4973 5633
4974 3985
4975 448
4976 2156
4977 1063
4978 3140
4979 4869
4980 5300
4981 6764
4982 4852
4983 1590
4984 2374
4985 4456
4986 374
4987 5566
4988 6205
4989 5169
4990 708
4991 5637
4992 4366
4993 3347
4994 2816
4995 1009
4996 5902
4997 6998
4998 5920
4999 1223
5000 6840
5001 6659
5002 6365
5003 4293
5004 3860
5005 1850
5006 3232
5007 506
5008 2500
5009 4426
5010 4116
5011 6498
5012 2832
5013 2680
5014 5360
5015 2914
5016 880
5017 3703
5018 750
5019 1345
5020 153
5021 3783
5022 2248
5023 5591
5024 5772
5025 6576
5026 2825
5027 3931
5028 3937
5029 4201
5030 6694
5031 4038
5032 845
5033 7058
5034 2401
5035 6635
5036 6347
5037 949
5038 3103
5039 1404
5040 795
5041 6753
5042 241
5043 5287
5044 6318
5045 7174
5046 6279
5047 3891
5048 4023
5049 1186
5050 5950
5051 3896
5052 962
5053 5179
5054 766
5055 3380
5056 6756
5057 800
5058 6968
5059 6760
5060 7066
5061 5892
5062 559
5063 36
5064 6314
5065 6850
5066 3584
5067 2779
5068 477
5069 679
5070 756
5071 4261
5072 5162
5073 7039
5074 6451
5075 3123
5076 3473
5077 3722
5078 6157
5079 3706
5080 7180
5081 1060
5082 3742
5083 4186
5084 742
5085 4216
5086 5704
5087 5349
5088 453
5089 1833
5090 5376
5091 6429
5092 5180
5093 3412
5094 674
5095 7192
5096 5724
5097 1461
5098 6684
5099 7135
5100 3416
5101 2447
5102 6174
5103 1568
5104 7126
5105 5325
5106 648
5107 668
5108 5017
5109 3951
5110 3100
5111 392
5112 6603
5113 6033
5114 6077
5115 745
5116 5666
5117 6428
5118 1678
5119 2644
5120 7225
5121 3556
5122 1115
5123 3776
5124 3035
5125 2710
5126 5798
5127 4912
5128 1235
5129 777
5130 4566
5131 3453
5132 426
5133 2540
5134 599
5135 4034
5136 2773
5137 4215
5138 1621
5139 4347
5140 6028
5141 6027
5142 5728
5143 3474
5144 948
5145 2194
5146 2887
5147 1049
5148 5057
5149 4868
5150 2307
5151 3168
5152 5883
5153 176
5154 6844
5155 111
5156 1800
5157 1091
5158 3342
5159 1234
5160 4340
5161 4867
5162 1963
5163 762
5164 6562
5165 5340
5166 6945
5167 1481
5168 1467
5169 5099
5170 5405
5171 5034
5172 2470
5173 4094
5174 2087
5175 5049
5176 2460
5177 568
5178 6650
5179 6382
5180 5550
5181 3221
5182 888
5183 3540
5184 1935
5185 4401
5186 207
5187 6380
5188 6809
5189 6463
5190 1667
5191 5844
5192 178
5193 4275
5194 6925
5195 6183
5196 7006
5197 2650
5198 4411
5199 4672
5200 6372
5201 6727
5202 34
5203 4271
5204 1806
5205 6188
5206 1122
5207 429
5208 4917
5209 6590
5210 3339
5211 100
5212 1903
5213 946
5214 6502
5215 6744
5216 2686
5217 242
5218 758
5219 4611
5220 1357
5221 3517
5222 3651
5223 2873
5224 1662
5225 1808
5226 6095
5227 4161
5228 1537
5229 1283
5230 5050
5231 1569
5232 4638
5233 2140
5234 5762
5235 3518
5236 606
5237 3638
5238 594
5239 773
5240 7196
5241 1178
5242 5774
5243 6680
5244 2900
5245 4430
5246 3652
5247 5448
5248 2188
5249 3669
5250 4633
5251 2551
5252 3939
5253 5898
5254 6707
5255 6553
5256 3356
5257 237
5258 124
5259 6883
5260 2538
5261 5392
5262 126
5263 2841
5264 3811
5265 5600
5266 1912
5267 3634
5268 1458
5269 2927
5270 3535
5271 6494
5272 3338
5273 7134
5274 3284
5275 3265
5276 7003
5277 5144
5278 1403
5279 116
5280 6256
5281 3872
5282 5814
5283 6186
5284 5679
5285 3220
5286 7047
5287 5102
5288 6696
5289 1341
5290 4762
5291 4682
5292 530
5293 5106
5294 5011
5295 5540
5296 3012
5297 4304
5298 7141
5299 6459
5300 816
5301 2129
5302 1848
5303 6653
5304 7131
5305 1905
5306 6857
5307 3018
5308 3558
5309 1613
5310 1762
5311 5124
5312 3459
5313 2857
5314 4518
5315 3470
5316 3227
5317 6161
5318 5658
5319 1313
5320 4951
5321 1635
5322 4208
5323 140
5324 7150
5325 3204
5326 3154
5327 6644
5328 1735
5329 672
5330 2578
5331 2990
5332 4705
5333 2729
5334 5252
5335 6937
5336 5465
5337 2728
5338 436
5339 5946
5340 6396
5341 3348
5342 371
5343 415
5344 3120
5345 1300
5346 5443
5347 4128
5348 1964
5349 7103
5350 5024
5351 2149
5352 1575
5353 3873
5354 2785
5355 3494
5356 7010
5357 1376
5358 5783
5359 1168
5360 4937
5361 3164
5362 989
5363 5191
5364 1525
5365 2444
5366 5952
5367 1966
5368 4969
5369 3016
5370 588
5371 2426
5372 6325
5373 992
5374 6856
5375 5502
5376 6675
5377 2732
5378 764
5379 1352
5380 254
5381 1674
5382 3178
5383 956
5384 4844
5385 587
5386 3721
5387 3228
5388 3426
5389 5767
5390 1907
5391 1169
5392 2717
5393 6275
5394 6280
5395 1941
5396 2204
5397 268
5398 1051
5399 6254
5400 1938
5401 6757
5402 5764
5403 4788
5404 3921
5405 4921
5406 3820
5407 1714
5408 162
5409 6237
5410 3604
5411 5012
5412 7149
5413 4776
5414 462
5415 5304
5416 3156
5417 5568
5418 5760
5419 1344
5420 2404
5421 1456
5422 3081
5423 6092
5424 4026
5425 3255
5426 6228
5427 2382
5428 5354
5429 1131
5430 2094
5431 1047
5432 4321
5433 3629
5434 1894
5435 1217
5436 3261
5437 6045
5438 3591
5439 6024
5440 3758
5441 5027
5442 3399
5443 841
5444 3521
5445 258
5446 4989
5447 5296
5448 3346
5449 3731
5450 6677
5451 1356
5452 2894
5453 6193
5454 3419
5455 5061
5456 5907
5457 2461
5458 6820
5459 102
5460 431
5461 6652
5462 1630
5463 5674
5464 2289
5465 2089
5466 6111
5467 7019
5468 5259
5469 4400
5470 5654
5471 7111
5472 2102
5473 6315
5474 1526
5475 6904
5476 310
5477 369
5478 740
5479 6148
5480 4591
5481 4021
5482 1492
5483 2844
5484 1124
5485 3044
5486 2313
5487 3530
5488 3709
5489 3655
5490 7210
5491 4490
5492 6895
5493 4875
5494 1578
5495 2991
5496 3720
5497 5159
5498 634
5499 732
5500 152
5501 3262
5502 5268
5503 5984
5504 2716
5505 574
5506 6037
5507 770
5508 7250
5509 6000
5510 3269
5511 4412
5512 348
5513 1207
5514 6796
5515 2610
5516 2178
5517 3240
5518 4368
5519 2013
5520 3778
5521 6444
5522 1884
5523 5646
5524 6029
5525 1893
5526 665
5527 6352
5528 1927
5529 3695
5530 1625
5531 627
5532 3420
5533 446
5534 4047
5535 340
5536 1004
5537 1722
5538 6934
5539 7110
5540 5575
5541 1074
5542 6819
5543 5428
5544 1108
5545 467
5546 5861
5547 1226
5548 2516
5549 1948
5550 2312
5551 4755
5552 19
5553 7194
5554 1898
5555 1324
5556 1973
5557 4892
5558 57
5559 5076
5560 223
5561 1266
5562 6800
5563 2962
5564 1711
5565 7214
5566 2648
5567 3285
5568 4696
5569 6672
5570 6261
5571 3162
5572 1438
5573 2427
5574 4944
5575 3916
5576 1718
5577 1400
5578 1083
5579 5825
5580 6967
5581 46
5582 2508
5583 1297
5584 715
5585 5389
5586 2526
5587 4636
5588 2748
5589 5905
5590 7179
5591 3522
5592 3476
5593 1149
5594 2920
5595 4918
5596 1253
5597 5374
5598 1093
5599 5944
5600 2482
5601 4469
5602 596
5603 417
5604 4758
5605 6391
5606 4614
5607 863
5608 2752
5609 4485
5610 5884
5611 2193
5612 1119
5613 6614
5614 1499
5615 1532
5616 5229
5617 1423
5618 3014
5619 4801
5620 5189
5621 5755
5622 5143
5623 3785
5624 5442
5625 3461
5626 908
5627 2262
5628 1928
5629 5875
5630 6266
5631 5036
5632 725
5633 809
5634 6115
5635 2160
5636 5095
5637 7098
5638 6815
5639 6086
5640 4167
5641 2372
5642 3710
5643 6466
5644 4652
5645 6291
5646 4243
5647 5865
5648 3383
5649 3107
5650 2794
5651 6214
5652 5565
5653 1913
5654 4731
5655 2128
5656 4266
5657 6169
5658 5630
5659 4743
5660 6910
5661 5655
5662 915
5663 5737
5664 4102
5665 1585
5666 5913
5667 3915
5668 2032
5669 2876
5670 4142
5671 4557
5672 5151
5673 3217
5674 1846
5675 1690
5676 468
5677 4344
5678 3439
5679 1212
5680 2789
5681 723
5682 6991
5683 389
5684 2639
5685 2274
5686 2239
5687 801
5688 7094
5689 5606
5690 6970
5691 90
5692 3964
5693 7156
5694 552
5695 5275
5696 2142
5697 2819
5698 5765
5699 4653
5700 1772
5701 4940
5702 3115
5703 748
5704 1380
5705 6414
5706 2919
5707 4533
5708 2635
5709 5199
5710 3545
5711 6338
5712 1832
5713 2806
5714 6118
5715 4198
5716 5147
5717 5429
5718 2007
5719 1587
5720 1796
5721 404
5722 5357
5723 4173
5724 4457
5725 6384
5726 5213
5727 2884
5728 2754
5729 3246
5730 4175
5731 6288
5732 3238
5733 806
5734 6575
5735 6129
5736 4239
5737 4402
5738 3398
5739 4579
5740 2301
5741 4361
5742 5723
5743 4515
5744 2931
5745 3649
5746 5896
5747 4811
5748 263
5749 1146
5750 4923
5751 4770
5752 1329
5753 6861
5754 170
5755 1128
5756 1014
5757 5020
5758 6749
5759 2309
5760 6619
5761 396
5762 4409
5763 6990
5764 2590
5765 3867
5766 6610
5767 5184
5768 6339
5769 3242
5770 6132
5771 3404
5772 5039
5773 3520
5774 2692
5775 5756
5776 4650
5777 3628
5778 3788
5779 1666
5780 2350
5781 4727
5782 324
5783 4747
5784 4720
5785 182
5786 4133
5787 6620
5788 625
5789 4766
5790 2340
5791 5982
5792 3241
5793 6009
5794 7224
5795 2975
5796 2058
5797 1764
5798 6381
5799 3151
5800 5932
5801 3025
5802 6978
5803 3027
5804 5111
5805 3177
5806 398
5807 185
5808 685
5809 3430
5810 2409
5811 3927
5812 2237
5813 4318
5814 391
5815 5355
5816 7235
5817 5554
5818 245
5819 246
5820 6299
5821 2713
5822 6831
5823 5933
5824 1967
5825 5420
5826 1524
5827 5587
5828 4011
5829 4643
5830 2271
5831 5996
5832 3564
5833 4098
5834 5440
5835 337
5836 289
5837 5981
5838 2787
5839 6176
5840 998
5841 6989
5842 6376
5843 3993
5844 5991
5845 7246
5846 6908
5847 3754
5848 1715
5849 3999
5850 1427
5851 4735
5852 2384
5853 1111
5854 1362
5855 5669
5856 542
5857 5338
5858 2877
5859 5810
5860 3928
5861 3723
5862 177
5863 6617
5864 2327
5865 2314
5866 3387
5867 3065
5868 5081
5869 5673
5870 3063
5871 6752
5872 7217
5873 5069
5874 5028
5875 4594
5876 3305
5877 1949
5878 2795
5879 5228
5880 6137
5881 6337
5882 1061
5883 7153
5884 3854
5885 5805
5886 2670
5887 6197
5888 5929
5889 2159
5890 6450
5891 3410
5892 5198
5893 5133
5894 134
5895 5386
5896 3995
5897 4793
5898 6834
5899 3942
5900 5688
5901 1447
5902 2983
5903 2599
5904 1213
5905 1729
5906 3688
5907 6996
5908 3559
5909 7230
5910 1837
5911 2697
5912 3760
5913 2070
5914 1890
5915 6849
5916 4432
5917 6147
5918 5308
5919 5956
5920 5824
5921 4651
5922 4500
5923 5249
5924 6453
5925 6425
5926 108
5927 4829
5928 3047
5929 6607
5930 3280
5931 4270
5932 4285
5933 4423
5934 6506
5935 6837
5936 3446
5937 3367
5938 5546
5939 7102
5940 5085
5941 2961
5942 5609
5943 4973
5944 2442
5945 6493
5946 7053
5947 2143
5948 3702
5949 3659
5950 5602
5951 684
5952 5460
5953 2297
5954 76
5955 6513
5956 632
5957 1728
5958 6853
5959 3525
5960 357
5961 7024
5962 1567
5963 3129
5964 3599
5965 2328
5966 3845
5967 1539
5968 7193
5969 6665
5970 1675
5971 6935
5972 2632
5973 3707
5974 869
5975 1005
5976 6170
5977 5725
5978 5813
5979 7146
5980 3252
5981 1747
5982 3489
5983 2376
5984 2972
5985 4556
5986 7072
5987 1355
5988 94
5989 2997
5990 6585
5991 89
5992 5082
5993 1979
5994 6960
5995 4117
5996 6531
5997 1373
5998 4719
5999 2069
6000 1883
6001 2227
6002 5372
6003 463
6004 3759
6005 5010
6006 272
6007 2259
6008 3878
6009 2001
6010 5468
6011 7175
6012 1252
6013 3382
6014 2440
6015 5612
6016 1933
6017 1237
6018 30
6019 5344
6020 4683
6021 2655
6022 7201
6023 5664
6024 5087
6025 842
6026 700
6027 5149
6028 2833
6029 6126
6030 5706
6031 1812
6032 5665
6033 4286
6034 1757
6035 3923
6036 4345
6037 567
6038 297
6039 5623
6040 2750
6041 1612
6042 2152
6043 5529
6044 6537
6045 3548
6046 2623
6047 3644
6048 7033
6049 4598
6050 4615
6051 5538
6052 3330
6053 129
6054 5621
6055 4095
6056 1559
6057 4263
6058 4312
6059 3782
6060 5201
6061 2511
6062 4881
6063 3239
6064 921
6065 2652
6066 6851
6067 1942
6068 2937
6069 3557
6070 2144
6071 3932
6072 5154
6073 982
6074 1707
6075 5021
6076 2126
6077 1958
6078 3772
6079 3828
6080 2050
6081 4877
6082 2357
6083 913
6084 911
6085 4061
6086 4874
6087 6379
6088 184
6089 5083
6090 1936
6091 2715
6092 6582
6093 5910
6094 2668
6095 2155
6096 3673
6097 1046
6098 991
6099 1112
6100 3130
6101 218
6102 2828
6103 2207
6104 6560
6105 6335
6106 6097
6107 3514
6108 7020
6109 2687
6110 4031
6111 5680
6112 5109
6113 5108
6114 6417
6115 2474
6116 4883
6117 3038
6118 4822
6119 652
6120 6200
6121 3126
6122 6826
6123 822
6124 475
6125 6664
6126 2531
6127 4028
6128 2630
6129 1154
6130 7158
6131 3656
6132 6660
6133 410
6134 4453
6135 4144
6136 7077
6137 6969
6138 3597
6139 4029
6140 6104
6141 1653
6142 6412
6143 5388
6144 5063
6145 3648
6146 5607
6147 958
6148 3172
6149 3303
6150 3300
6151 1102
6152 5480
6153 1064
6154 5317
6155 143
6156 2451
6157 906
6158 319
6159 6281
6160 5209
6161 3040
6162 4854
6163 1304
6164 4107
6165 304
6166 2866
6167 6155
6168 964
6169 7005
6170 1439
6171 3904
6172 1974
6173 5130
6174 566
6175 323
6176 2291
6177 4348
6178 6552
6179 3418
6180 4504
6181 5531
6182 1419
6183 6492
6184 5030
6185 72
6186 4258
6187 4450
6188 1746
6189 3205
6190 4928
6191 5795
6192 1513
6193 3885
6194 4800
6195 4435
6196 4083
6197 4676
6198 2992
6199 6221
6200 6445
6201 2749
6202 3718
6203 6360
6204 1348
6205 2040
6206 3308
6207 2174
6208 6571
6209 6408
6210 4377
6211 18
6212 504
6213 4840
6214 839
6215 4472
6216 7099
6217 4961
6218 1512
6219 561
6220 6057
6221 3180
6222 365
6223 3887
6224 3779
6225 4821
6226 291
6227 6770
6228 1179
6229 133
6230 5876
6231 5119
6232 4466
6233 6068
6234 4513
6235 5285
6236 5312
6237 5747
6238 4584
6239 643
6240 6222
6241 5954
6242 6304
6243 2827
6244 2491
6245 896
6246 6284
6247 6775
6248 5856
6249 5347
6250 1669
6251 5196
6252 3192
6253 4233
6254 1160
6255 6950
6256 6599
6257 6294
6258 604
6259 788
6260 4996
6261 717
6262 6047
6263 1033
6264 1749
6265 173
6266 5641
6267 1836
6268 2608
6269 5834
6270 2981
6271 2210
6272 4444
6273 5377
6274 4242
6275 6674
6276 4935
6277 5322
6278 3377
6279 5096
6280 4090
6281 346
6282 1541
6283 3560
6284 6064
6285 3267
6286 4135
6287 7032
6288 1634
6289 5842
6290 4218
6291 5475
6292 1371
6293 6167
6294 6461
6295 5408
6296 4388
6297 6442
6298 2790
6299 2583
6300 6087
6301 4622
6302 5088
6303 656
6304 1163
6305 376
6306 3451
6307 2278
6308 3505
6309 4036
6310 5289
6311 3971
6312 4834
6313 3323
6314 4489
6315 5899
6316 5780
6317 3824
6318 1029
6319 4250
6320 7104
6321 6624
6322 6779
6323 5524
6324 401
6325 6742
6326 4009
6327 501
6328 7154
6329 6930
6330 5126
6331 6919
6332 6051
6333 6852
6334 6173
6335 3273
6336 5985
6337 2319
6338 2756
6339 6056
6340 538
6341 2212
6342 1552
6343 2299
6344 2912
6345 1018
6346 7097
6347 5605
6348 419
6349 3763
6350 1737
6351 3653
6352 7012
6353 4437
6354 1523
6355 2158
6356 1620
6357 649
6358 2968
6359 7001
6360 4353
6361 3715
6362 2826
6363 3619
6364 1164
6365 7187
6366 5051
6367 1036
6368 6966
6369 1410
6370 4182
6371 3390
6372 2486
6373 905
6374 250
6375 5222
6376 6839
6377 101
6378 4158
6379 2260
6380 970
6381 6986
6382 6563
6383 5970
6384 5482
6385 6218
6386 2759
6387 3631
6388 5219
6389 6079
6390 669
6391 6534
6392 2412
6393 4724
6394 2949
6395 2038
6396 4088
6397 1416
6398 4900
6399 1950
6400 598
6401 936
6402 2398
6403 6703
6404 3096
6405 6558
6406 4977
6407 6649
6408 5266
6409 301
6410 5830
6411 4394
6412 2326
6413 6270
6414 560
6415 1001
6416 3101
6417 3203
6418 1668
6419 4346
6420 6213
6421 6078
6422 1988
6423 3871
6424 2837
6425 1843
6426 2699
6427 4093
6428 6543
6429 4818
6430 2902
6431 1996
6432 2625
6433 6987
6434 2824
6435 180
6436 2615
6437 2747
6438 3877
6439 2175
6440 1343
6441 980
6442 6992
6443 5915
6444 5581
6445 3668
6446 5445
6447 6866
6448 3009
6449 6346
6450 1550
6451 907
6452 5589
6453 4703
6454 3289
6455 620
6456 6471
6457 6794
6458 2527
6459 3793
6460 4885
6461 4081
6462 5415
6463 1636
6464 2321
6465 5264
6466 3283
6467 6113
6468 4410
6469 7166
6470 7223
6471 6574
6472 4037
6473 1322
6474 4287
6475 5204
6476 1287
6477 2626
6478 4060
6479 4597
6480 737
6481 4647
6482 6570
6483 7065
6484 1211
6485 6246
6486 2512
6487 5501
6488 2534
6489 4155
6490 2852
6491 7061
6492 2585
6493 1725
6494 203
6495 3590
6496 3857
6497 3092
6498 6730
6499 7118
6500 3198
6501 439
6502 5035
6503 1702
6504 2293
6505 5908
6506 6725
6507 4903
6508 3794
6509 6946
6510 2772
6511 1931
6512 358
6513 3808
6514 5645
6515 1954
6516 7119
6517 5093
6518 6712
6519 1054
6520 1561
6521 872
6522 1277
6523 1232
6524 1528
6525 507
6526 757
6527 5318
6528 743
6529 2856
6530 1980
6531 1991
6532 2023
6533 1411
6534 2880
6535 6179
6536 4595
6537 1680
6538 7075
6539 2454
6540 4202
6541 1829
6542 3275
6543 4039
6544 5150
6545 2179
6546 6042
6547 3738
6548 2047
6549 6583
6550 546
6551 5381
6552 2064
6553 7234
6554 1109
6555 4179
6556 5787
6557 1924
6558 1210
6559 5926
6560 3646
6561 2085
6562 3450
6563 5431
6564 2492
6565 70
6566 3173
6567 7208
6568 5464
6569 5299
6570 7133
6571 6088
6572 2619
6573 4131
6574 2086
6575 7215
6576 3310
6577 4941
6578 967
6579 4812
6580 3480
6581 5858
6582 5800
6583 5758
6584 2964
6585 3875
6586 1793
6587 4056
6588 2836
6589 2016
6590 5752
6591 5271
6592 3013
6593 3077
6594 4859
6595 4356
6596 1468
6597 6632
6598 3568
6599 5548
6600 3552
6601 4477
6602 6070
6603 4991
6604 4583
6605 4246
6606 7117
6607 812
6608 3906
6609 267
6610 4656
6611 4959
6612 4352
6613 4240
6614 1583
6615 4781
6616 1509
6617 1852
6618 444
6619 1726
6620 6902
6621 2133
6622 4920
6623 1875
6624 52
6625 3099
6626 5055
6627 5610
6628 4001
6629 4408
6630 5816
6631 7171
6632 1824
6633 59
6634 1514
6635 4843
6636 1307
6637 6907
6638 2169
6639 713
6640 2784
6641 2536
6642 2391
6643 667
6644 265
6645 3574
6646 1566
6647 1279
6648 4649
6649 1551
6650 6040
6651 987
6652 1533
6653 3357
6654 497
6655 3881
6656 3976
6657 2767
6658 4746
6659 5100
6660 3011
6661 4858
6662 2950
6663 6745
6664 4043
6665 2718
6666 430
6667 4260
6668 6085
6669 1488
6670 2558
6671 6897
6672 2010
6673 1867
6674 6982
6675 5777
6676 2963
6677 1527
6678 5470
6679 3299
6680 712
6681 2435
6682 2425
6683 7122
6684 4073
6685 413
6686 6676
6687 6189
6688 5462
6689 6743
6690 3581
6691 2223
6692 1573
6693 5254
6694 5951
6695 4068
6696 7159
6697 3593
6698 5142
6699 3108
6700 6658
6701 4196
6702 4830
6703 4625
6704 5536
6705 5711
6706 5761
6707 4642
6708 3277
6709 1384
6710 3007
6711 460
6712 5382
6713 1799
6714 2918
6715 5866
6716 7199
6717 6750
6718 2582
6719 6870
6720 1388
6721 3332
6722 2443
6723 6152
6724 695
6725 2420
6726 1364
6727 4889
6728 734
6729 3883
6730 6636
6731 5573
6732 1085
6733 761
6734 2764
6735 3052
6736 1162
6737 941
6738 3817
6739 4033
6740 4136
6741 136
6742 2478
6743 2688
6744 208
6745 5056
6746 1031
6747 12
6748 2405
6749 7064
6750 3015
6751 2557
6752 3084
6753 3384
6754 3312
6755 4914
6756 6232
6757 6633
6758 5230
6759 4253
6760 1965
6761 4618
6762 5766
6763 2878
6764 5527
6765 1413
6766 570
6767 823
6768 6720
6769 7170
6770 6100
6771 317
6772 3440
6773 575
6774 3479
6775 5016
6776 3786
6777 1519
6778 693
6779 586
6780 3719
6781 1180
6782 1284
6783 6538
6784 4890
6785 6273
6786 963
6787 6350
6788 5625
6789 312
6790 5243
6791 1450
6792 385
6793 5452
6794 6259
6795 6711
6796 780
6797 5613
6798 4549
6799 109
6800 810
6801 5371
6802 85
6803 5410
6804 3984
6805 2542
6806 2052
6807 4708
6808 5400
6809 682
6810 6207
6811 2088
6812 4108
6813 47
6814 7137
6815 978
6816 5003
6817 931
6818 2408
6819 7125
6820 5239
6821 529
6822 6386
6823 830
6824 857
6825 1382
6826 2011
6827 6071
6828 5514
6829 344
6830 4526
6831 1609
6832 4012
6833 902
6834 3798
6835 4759
6836 5955
6837 2399
6838 1599
6839 279
6840 775
6841 615
6842 7101
6843 871
6844 944
6845 4957
6846 6609
6847 1390
6848 1732
6849 3020
6850 5558
6851 4576
6852 3223
6853 65
6854 4905
6855 5430
6856 5396
6857 1429
6858 5986
6859 1309
6860 3381
6861 3201
6862 2473
6863 2296
6864 3233
6865 6160
6866 2791
6867 259
6868 3986
6869 1354
6870 2801
6871 618
6872 3378
6873 380
6874 2099
6875 2132
6876 3714
6877 5650
6878 3353
6879 2137
6880 3183
6881 2847
6882 3208
6883 5313
6884 3952
6885 3626
6886 3987
6887 5843
6888 368
6889 5104
6890 5894
6891 983
6892 6918
6893 6717
6894 661
6895 939
6896 3953
6897 6598
6898 1084
6899 5537
6900 6067
6901 2375
6902 6448
6903 7051
6904 286
6905 6436
6906 5231
6907 4593
6908 6014
6909 5532
6910 6094
6911 1624
6912 6406
6913 6300
6914 1665
6915 7054
6916 1191
6917 3105
6918 3452
6919 84
6920 172
6921 2862
6922 5361
6923 2153
6924 793
6925 4619
6926 449
6927 1107
6928 6187
6929 2208
6930 4003
6931 1377
6932 4171
6933 219
6934 3029
6935 4464
6936 4227
6937 3955
6938 6536
6939 3946
6940 1520
6941 2865
6942 640
6943 2501
6944 6869
6945 2353
6946 216
6947 7115
6948 459
6949 3465
6950 3004
6951 5237
6952 769
6953 4516
6954 5789
6955 1027
6956 2359
6957 3670
6958 33
6959 1474
6960 2942
6961 1022
6962 527
6963 6287
6964 1995
6965 5819
6966 2901
6967 4678
6968 2166
6969 2622
6970 5469
6971 40
6972 4956
6973 2633
6974 3954
6975 5544
6976 4027
6977 7237
6978 1334
6979 5515
6980 6192
6981 3771
6982 2957
6983 854
6984 670
6985 1290
6986 6127
6987 1224
6988 2377
6989 64
6990 1809
6991 3432
6992 6825
6993 676
6994 4204
6995 1776
6996 6456
6997 4697
6998 4141
6999 4276
7000 2277
7001 1956
7002 2995
7003 7083
7004 808
7005 1544
7006 1959
7007 928
7008 2264
7009 2674
7010 7182
7011 5135
7012 197
7013 6596
7014 1822
7015 1740
7016 5127
7017 6250
7018 3244
7019 5471
7020 3914
7021 6615
7022 1301
7023 5247
7024 6495
7025 1048
7026 874
7027 4015
7028 1043
7029 6892
7030 1946
7031 867
7032 7128
7033 1661
7034 2774
7035 1059
7036 5062
7037 5608
7038 4044
7039 583
7040 578
7041 4809
7042 5491
7043 1082
7044 2270
7045 3464
7046 1834
7047 735
7048 1688
7049 2226
7050 3157
7051 662
7052 4575
7053 6107
7054 3908
7055 1094
7056 1471
7057 2830
7058 483
7059 1969
7060 5177
7061 6329
7062 3210
7063 3846
7064 2781
7065 3781
7066 2441
7067 1622
7068 3460
7069 1981
7070 6267
7071 3699
7072 2933
7073 4372
7074 3693
7075 4327
7076 4922
7077 400
7078 2268
7079 1129
7080 4660
7081 68
7082 4420
7083 4049
7084 2487
7085 3833
7086 1767
7087 6722
7088 1827
7089 117
7090 5211
7091 513
7092 1070
7093 3320
7094 5346
7095 1016
7096 3797
7097 363
7098 5660
7099 3313
7100 5253
7101 4373
7102 1381
7103 168
7104 6446
7105 114
7106 5369
7107 1686
7108 4966
7109 6320
7110 7176
7111 2117
7112 7216
7113 5983
7114 1698
7115 6276
7116 3379
7117 935
7118 688
7119 7070
7120 4902
7121 4399
7122 1157
7123 2303
7124 1810
7125 4151
7126 303
7127 1401
7128 5770
7129 3575
7130 6771
7131 512
7132 4005
7133 2280
7134 5291
7135 98
7136 772
7137 3206
7138 1264
7139 976
7140 3694
7141 4256
7142 1853
7143 2383
7144 2215
7145 2480
7146 4209
7147 5250
7148 6671
7149 4551
7150 2510
7151 4105
7152 1088
7153 4488
7154 2647
7155 3576
7156 2385
7157 3245
7158 107
7159 5809
7160 2745
7161 6871
7162 1455
7163 5717
7164 6926
7165 3071
7166 4468
7167 7026
7168 916
7169 2184
7170 1053
7171 5274
7172 1572
7173 1629
7174 1540
7175 647
7176 1007
7177 3475
7178 4000
7179 4222
7180 3109
7181 2190
7182 1878
7183 721
7184 4228
7185 6159
7186 6272
7187 4452
7188 6920
7189 5997
7190 1638
7191 612
7192 6528
7193 3341
7194 4454
7195 4971
7196 7014
7197 6144
7198 264
7199 5493
7200 5847
7201 2519
7202 1442
7203 6298
7204 3247
7205 5359
7206 4862
7207 5014
7208 589
7209 4521
7210 5295
7211 2881
7212 4757
7213 1062
7214 2073
7215 4970
7216 239
7217 3784
7218 2170
7219 2020
7220 6403
7221 6690
7222 4819
7223 6584
7224 58
7225 1579
7226 3043
7227 5303
7228 2849
7229 5474
7230 6308
7231 3022
7232 4530
7233 3755
7234 3547
7235 1862
7236 2459
7237 6496
7238 6977
7239 3691
7240 986
7241 3977
7242 6592
7243 1342
7244 5578
7245 4707
7246 1951
7247 6828
7248 6491
7249 5508
7250 4319
7251 6520
