0 (4) - 336 (4) 
50 (5) - 246 (5) 
265 (9) - 346 (9) 
2 (5) - 61 (5) 
38 (3) - 364 (3) 
4 (3) - 180 (3) 
301 (12) - 357 (12) 
10 (1) - 334 (1) 
186 (6) - 378 (6) 
13 (8) - 78 (8) 
360 (5) - 353 (5) 
152 (4) - 16 (4) 
172 (2) - 0 (2) 
185 (2) - 23 (2) 
270 (1) - 10 (1) 
171 (9) - 343 (9) 
83 (7) - 102 (7) 
220 (5) - 34 (5) 
200 (3) - 235 (3) 
17 (2) - 268 (2) 
354 (12) - 371 (12) 
146 (3) - 164 (3) 
352 (3) - 169 (3) 
147 (3) - 17 (3) 
357 (2) - 111 (2) 
279 (1) - 35 (1) 
251 (2) - 375 (2) 
264 (2) - 228 (2) 
82 (1) - 369 (1) 
20 (2) - 219 (2) 
370 (2) - 131 (2) 
219 (1) - 9 (1) 
27 (4) - 3 (4) 
29 (2) - 238 (2) 
150 (9) - 107 (9) 
214 (6) - 287 (6) 
375 (2) - 88 (2) 
32 (2) - 33 (2) 
293 (4) - 156 (4) 
261 (3) - 314 (3) 
34 (1) - 251 (1) 
42 (6) - 316 (6) 
295 (12) - 25 (12) 
211 (14) - 54 (14) 
78 (6) - 32 (6) 
289 (6) - 347 (6) 
268 (6) - 179 (6) 
315 (6) - 97 (6) 
48 (2) - 119 (2) 
181 (3) - 13 (3) 
339 (2) - 281 (2) 
276 (6) - 147 (6) 
346 (2) - 50 (2) 
288 (8) - 68 (8) 
336 (8) - 72 (8) 
184 (8) - 103 (8) 
231 (11) - 328 (11) 
284 (3) - 212 (3) 
74 (6) - 56 (6) 
246 (2) - 339 (2) 
320 (2) - 168 (2) 
234 (2) - 262 (2) 
329 (2) - 282 (2) 
256 (5) - 221 (5) 
137 (3) - 286 (3) 
221 (1) - 124 (1) 
209 (3) - 4 (3) 
164 (3) - 136 (3) 
79 (2) - 253 (2) 
87 (3) - 65 (3) 
125 (5) - 323 (5) 
88 (3) - 114 (3) 
97 (3) - 359 (3) 
105 (4) - 237 (4) 
302 (3) - 273 (3) 
98 (3) - 322 (3) 
138 (1) - 341 (1) 
173 (2) - 155 (2) 
372 (1) - 374 (1) 
124 (2) - 204 (2) 
291 (1) - 312 (1) 
369 (3) - 256 (3) 
373 (2) - 37 (2) 
250 (2) - 154 (2) 
207 (4) - 12 (4) 
317 (3) - 161 (3) 
119 (2) - 76 (2) 
245 (3) - 304 (3) 
122 (4) - 233 (4) 
177 (4) - 11 (4) 
153 (3) - 342 (3) 
344 (2) - 186 (2) 
304 (3) - 298 (3) 
328 (5) - 135 (5) 
228 (4) - 226 (4) 
180 (3) - 290 (3) 
247 (3) - 108 (3) 
198 (3) - 350 (3) 
206 (1) - 184 (1) 
239 (2) - 370 (2) 
242 (1) - 317 (1) 
343 (2) - 325 (2) 
319 (4) - 8 (4) 
244 (21) - 351 (21) 
294 (11) - 21 (11) 
133 (7) - 7 (7) 
267 (4) - 210 (4) 
70 (19) - 189 (19) 
92 (4) - 274 (4) 
191 (14) - 181 (14) 
139 (5) - 171 (5) 
28 (7) - 128 (7) 
144 (15) - 94 (15) 
37 (4) - 220 (4) 
338 (4) - 162 (4) 
53 (4) - 80 (4) 
16 (7) - 203 (7) 
286 (7) - 217 (7) 
33 (6) - 193 (6) 
335 (7) - 276 (8) 
258 (34) - 110 (34) 
274 (7) - 192 (8) 
73 (6) - 120 (7) 
67 (14) - 187 (14) 
374 (4) - 297 (4) 
1 (6) - 225 (6) 
323 (6) - 313 (6) 
312 (6) - 223 (7) 
345 (27) - 38 (29) 
108 (7) - 145 (8) 
218 (10) - 85 (11) 
127 (4) - 84 (4) 
107 (12) - 240 (13) 
113 (9) - 344 (9) 
61 (11) - 277 (12) 
362 (6) - 79 (7) 
160 (7) - 112 (8) 
194 (6) - 42 (7) 
254 (8) - 373 (8) 
305 (3) - 358 (4) 
275 (10) - 190 (11) 
269 (5) - 295 (5) 
123 (5) - 69 (6) 
81 (4) - 259 (5) 
349 (9) - 5 (10) 
145 (9) - 96 (10) 
353 (8) - 243 (9) 
297 (12) - 151 (13) 
18 (3) - 49 (3) 
41 (3) - 166 (4) 
71 (5) - 22 (6) 
69 (8) - 360 (9) 
143 (7) - 261 (8) 
5 (6) - 285 (7) 
58 (8) - 106 (10) 
309 (6) - 87 (6) 
76 (7) - 324 (8) 
142 (10) - 185 (11) 
238 (3) - 90 (4) 
364 (1) - 199 (2) 
285 (6) - 182 (7) 
6 (3) - 28 (3) 
46 (3) - 196 (4) 
204 (3) - 307 (4) 
21 (10) - 109 (10) 
140 (6) - 265 (7) 
290 (6) - 291 (7) 
31 (14) - 242 (15) 
307 (5) - 55 (6) 
55 (5) - 51 (6) 
226 (3) - 144 (3) 
348 (11) - 91 (13) 
68 (3) - 31 (4) 
56 (6) - 129 (7) 
99 (7) - 329 (8) 
187 (10) - 74 (12) 
316 (3) - 172 (3) 
351 (8) - 278 (9) 
224 (3) - 125 (4) 
277 (6) - 163 (7) 
205 (7) - 303 (9) 
300 (6) - 117 (6) 
161 (4) - 214 (5) 
15 (7) - 95 (9) 
157 (5) - 105 (6) 
114 (16) - 252 (16) 
25 (4) - 165 (4) 
233 (4) - 174 (4) 
350 (15) - 224 (16) 
272 (2) - 254 (3) 
100 (5) - 100 (6) 
49 (3) - 377 (4) 
151 (3) - 327 (4) 
217 (8) - 321 (8) 
63 (7) - 209 (7) 
154 (7) - 67 (7) 
311 (5) - 368 (6) 
327 (6) - 89 (6) 
116 (8) - 332 (10) 
253 (4) - 98 (4) 
283 (4) - 227 (4) 
175 (4) - 335 (5) 
366 (7) - 152 (7) 
225 (4) - 300 (4) 
356 (2) - 289 (3) 
378 (4) - 57 (5) 
235 (4) - 361 (5) 
30 (6) - 222 (6) 
347 (2) - 244 (2) 
167 (15) - 310 (17) 
299 (4) - 266 (4) 
103 (3) - 188 (3) 
355 (4) - 365 (5) 
22 (4) - 305 (5) 
47 (17) - 183 (20) 
222 (4) - 24 (5) 
188 (3) - 249 (4) 
44 (2) - 197 (3) 
77 (5) - 127 (5) 
308 (5) - 40 (5) 
12 (3) - 352 (4) 
45 (2) - 320 (3) 
36 (2) - 202 (3) 
121 (4) - 208 (5) 
102 (6) - 167 (8) 
24 (3) - 45 (4) 
109 (7) - 104 (10) 
340 (11) - 26 (11) 
334 (4) - 137 (6) 
51 (3) - 315 (4) 
189 (9) - 195 (12) 
158 (4) - 149 (6) 
259 (10) - 293 (11) 
213 (4) - 99 (5) 
266 (2) - 142 (3) 
166 (5) - 247 (7) 
90 (5) - 345 (7) 
359 (6) - 255 (9) 
162 (3) - 207 (4) 
330 (7) - 62 (10) 
252 (3) - 59 (4) 
54 (4) - 126 (6) 
104 (4) - 70 (5) 
376 (4) - 14 (7) 
101 (5) - 153 (5) 
367 (3) - 138 (4) 
19 (27) - 308 (27) 
358 (5) - 175 (7) 
271 (4) - 372 (5) 
282 (1) - 302 (2) 
85 (4) - 211 (5) 
118 (18) - 60 (22) 
249 (9) - 148 (10) 
260 (12) - 18 (14) 
60 (6) - 234 (6) 
110 (3) - 176 (3) 
201 (3) - 178 (4) 
35 (2) - 326 (3) 
179 (7) - 267 (8) 
230 (3) - 292 (5) 
8 (5) - 231 (6) 
93 (3) - 115 (5) 
126 (6) - 173 (8) 
229 (1) - 376 (2) 
248 (2) - 356 (3) 
165 (4) - 177 (6) 
132 (5) - 20 (5) 
216 (12) - 362 (14) 
170 (2) - 157 (3) 
66 (3) - 270 (5) 
94 (2) - 133 (3) 
182 (3) - 39 (5) 
9 (2) - 64 (3) 
149 (3) - 301 (2) 
7 (2) - 46 (3) 
11 (6) - 311 (7) 
95 (3) - 232 (3) 
169 (2) - 337 (3) 
59 (2) - 338 (3) 
377 (1) - 294 (2) 
156 (3) - 52 (5) 
193 (2) - 75 (3) 
14 (3) - 355 (5) 
65 (3) - 191 (5) 
117 (3) - 47 (5) 
52 (4) - 348 (5) 
208 (2) - 141 (3) 
39 (2) - 263 (3) 
89 (5) - 121 (6) 
72 (4) - 272 (6) 
363 (6) - 2 (9) 
341 (2) - 77 (4) 
324 (2) - 245 (3) 
91 (2) - 333 (2) 
192 (4) - 363 (7) 
202 (5) - 122 (6) 
131 (4) - 81 (5) 
298 (2) - 134 (4) 
195 (3) - 239 (4) 
212 (5) - 82 (5) 
86 (6) - 213 (9) 
62 (4) - 140 (7) 
163 (9) - 319 (6) 
134 (1) - 63 (2) 
128 (3) - 299 (6) 
96 (2) - 48 (4) 
174 (2) - 41 (4) 
40 (1) - 275 (2) 
232 (2) - 349 (5) 
136 (1) - 205 (2) 
371 (2) - 331 (4) 
313 (5) - 27 (5) 
115 (4) - 201 (4) 
148 (4) - 116 (4) 
262 (12) - 160 (13) 
168 (2) - 296 (4) 
263 (5) - 66 (5) 
333 (1) - 146 (2) 
337 (5) - 236 (6) 
129 (2) - 284 (5) 
255 (3) - 58 (3) 
23 (4) - 130 (4) 
196 (3) - 260 (4) 
243 (2) - 271 (2) 
321 (1) - 216 (2) 
365 (2) - 354 (2) 
75 (2) - 258 (3) 
314 (1) - 279 (2) 
287 (4) - 257 (6) 
80 (2) - 86 (4) 
332 (2) - 29 (3) 
215 (1) - 6 (3) 
325 (3) - 206 (3) 
223 (2) - 101 (2) 
84 (1) - 43 (2) 
178 (3) - 194 (7) 
318 (5) - 264 (6) 
106 (3) - 269 (5) 
199 (3) - 1 (3) 
155 (1) - 340 (3) 
183 (2) - 283 (5) 
112 (2) - 132 (4) 
257 (2) - 218 (3) 
281 (2) - 139 (4) 
141 (2) - 92 (3) 
227 (4) - 19 (8) 
159 (6) - 241 (6) 
43 (4) - 44 (3) 
322 (4) - 330 (6) 
240 (1) - 230 (5) 
130 (2) - 123 (5) 
197 (4) - 15 (5) 
303 (4) - 215 (5) 
176 (3) - 150 (3) 
203 (3) - 366 (4) 
64 (3) - 73 (4) 
273 (1) - 170 (4) 
342 (5) - 309 (5) 
111 (2) - 30 (5) 
296 (2) - 93 (5) 
292 (6) - 113 (8) 
26 (6) - 248 (6) 
361 (8) - 367 (10) 
236 (4) - 36 (3) 
190 (4) - 83 (6) 
135 (4) - 53 (4) 
3 (2) - 143 (4) 
241 (2) - 229 (2) 
368 (3) - 288 (9) 
310 (3) - 198 (5) 
57 (4) - 280 (6) 
331 (4) - 318 (5) 
210 (4) - 158 (6) 
306 (4) - 306 (6) 
326 (3) - 200 (5) 
237 (5) - 250 (4) 
120 (2) - 118 (3) 
280 (2) - 159 (4) 
278 (2) - 71 (3) 
