0 (4) - 14 (4) 
258 (34) - 110 (34) 
244 (21) - 351 (21) 
275 (10) - 190 (10) 
376 (4) - 336 (4) 
1 (6) - 225 (6) 
18 (3) - 144 (3) 
226 (3) - 45 (3) 
24 (3) - 49 (3) 
70 (19) - 189 (19) 
50 (5) - 246 (5) 
265 (9) - 346 (9) 
2 (5) - 61 (5) 
38 (3) - 364 (3) 
350 (15) - 224 (15) 
362 (6) - 79 (6) 
126 (6) - 173 (6) 
248 (2) - 356 (2) 
3 (2) - 44 (2) 
368 (3) - 36 (3) 
26 (6) - 83 (6) 
4 (3) - 180 (3) 
175 (4) - 335 (4) 
67 (14) - 187 (14) 
107 (12) - 240 (12) 
5 (6) - 285 (6) 
28 (7) - 128 (7) 
81 (4) - 259 (4) 
378 (4) - 57 (4) 
182 (3) - 39 (3) 
6 (3) - 28 (3) 
330 (7) - 62 (7) 
22 (4) - 305 (4) 
68 (3) - 31 (3) 
7 (2) - 333 (2) 
167 (15) - 310 (15) 
91 (2) - 46 (2) 
8 (5) - 82 (5) 
363 (6) - 264 (6) 
308 (5) - 27 (5) 
310 (3) - 198 (3) 
37 (4) - 309 (4) 
338 (4) - 113 (4) 
9 (2) - 64 (2) 
301 (12) - 357 (12) 
307 (5) - 55 (5) 
10 (1) - 340 (1) 
300 (6) - 345 (6) 
11 (6) - 87 (6) 
249 (9) - 148 (9) 
309 (6) - 234 (6) 
60 (6) - 222 (6) 
86 (6) - 311 (6) 
30 (6) - 213 (6) 
12 (3) - 352 (3) 
186 (6) - 378 (6) 
312 (6) - 223 (6) 
13 (8) - 78 (8) 
19 (27) - 308 (27) 
360 (5) - 353 (5) 
152 (4) - 16 (4) 
113 (9) - 344 (9) 
109 (7) - 104 (7) 
172 (2) - 0 (2) 
185 (2) - 23 (2) 
270 (1) - 10 (1) 
14 (3) - 206 (3) 
195 (3) - 355 (3) 
325 (3) - 239 (3) 
263 (5) - 66 (5) 
15 (7) - 102 (7) 
171 (9) - 343 (9) 
191 (14) - 181 (14) 
187 (10) - 74 (10) 
83 (7) - 95 (7) 
76 (7) - 324 (7) 
220 (5) - 34 (5) 
200 (3) - 235 (3) 
16 (7) - 203 (7) 
345 (27) - 38 (27) 
286 (7) - 217 (7) 
252 (3) - 59 (3) 
31 (14) - 242 (14) 
66 (3) - 270 (3) 
290 (6) - 291 (6) 
71 (5) - 22 (5) 
17 (2) - 268 (2) 
218 (10) - 85 (10) 
102 (6) - 167 (6) 
354 (12) - 371 (12) 
146 (3) - 164 (3) 
352 (3) - 169 (3) 
147 (3) - 17 (3) 
47 (17) - 183 (17) 
357 (2) - 111 (2) 
277 (6) - 163 (6) 
139 (5) - 171 (5) 
279 (1) - 35 (1) 
251 (2) - 375 (2) 
41 (3) - 166 (3) 
264 (2) - 228 (2) 
82 (1) - 101 (1) 
223 (2) - 294 (2) 
141 (2) - 92 (2) 
169 (2) - 337 (2) 
377 (1) - 369 (1) 
176 (3) - 150 (3) 
203 (3) - 366 (3) 
64 (3) - 73 (3) 
20 (2) - 219 (2) 
353 (8) - 243 (8) 
21 (10) - 109 (10) 
118 (18) - 60 (18) 
359 (6) - 255 (6) 
103 (3) - 188 (3) 
370 (2) - 131 (2) 
260 (12) - 18 (12) 
216 (12) - 362 (12) 
63 (7) - 209 (7) 
154 (7) - 67 (7) 
205 (7) - 267 (7) 
179 (7) - 303 (7) 
219 (1) - 9 (1) 
23 (4) - 15 (4) 
114 (16) - 252 (16) 
361 (8) - 367 (8) 
197 (4) - 215 (4) 
303 (4) - 134 (4) 
25 (4) - 165 (4) 
56 (6) - 129 (6) 
233 (4) - 174 (4) 
213 (4) - 99 (4) 
104 (4) - 70 (4) 
159 (6) - 241 (6) 
115 (4) - 280 (4) 
148 (4) - 53 (4) 
322 (4) - 318 (4) 
27 (4) - 3 (4) 
142 (10) - 185 (10) 
165 (4) - 177 (4) 
29 (2) - 238 (2) 
150 (9) - 107 (9) 
69 (8) - 360 (8) 
214 (6) - 287 (6) 
375 (2) - 30 (2) 
111 (2) - 88 (2) 
371 (2) - 331 (2) 
158 (4) - 149 (4) 
32 (2) - 33 (2) 
293 (4) - 156 (4) 
33 (6) - 182 (6) 
285 (6) - 193 (6) 
217 (8) - 321 (8) 
261 (3) - 358 (3) 
305 (3) - 314 (3) 
235 (4) - 361 (4) 
34 (1) - 216 (1) 
35 (2) - 41 (2) 
174 (2) - 326 (2) 
36 (2) - 202 (2) 
225 (4) - 300 (4) 
39 (2) - 130 (2) 
298 (2) - 263 (2) 
40 (1) - 275 (1) 
42 (6) - 265 (6) 
116 (8) - 278 (8) 
351 (8) - 332 (8) 
140 (6) - 316 (6) 
295 (12) - 25 (12) 
160 (7) - 112 (7) 
73 (6) - 120 (6) 
43 (4) - 231 (4) 
163 (9) - 2 (9) 
236 (4) - 220 (4) 
190 (4) - 162 (4) 
135 (4) - 40 (4) 
44 (2) - 197 (2) 
45 (2) - 271 (2) 
340 (11) - 26 (11) 
94 (2) - 93 (2) 
46 (3) - 115 (3) 
211 (14) - 54 (14) 
93 (3) - 196 (3) 
144 (15) - 94 (15) 
78 (6) - 32 (6) 
289 (6) - 347 (6) 
274 (7) - 192 (7) 
268 (6) - 179 (6) 
315 (6) - 97 (6) 
168 (2) - 296 (2) 
117 (3) - 194 (3) 
178 (3) - 47 (3) 
112 (2) - 132 (2) 
130 (2) - 123 (2) 
48 (2) - 119 (2) 
297 (12) - 151 (12) 
332 (2) - 29 (2) 
49 (3) - 172 (3) 
181 (3) - 260 (3) 
51 (3) - 315 (3) 
143 (7) - 261 (7) 
156 (3) - 52 (3) 
53 (4) - 80 (4) 
52 (4) - 116 (4) 
262 (12) - 160 (12) 
132 (5) - 248 (5) 
287 (4) - 330 (4) 
227 (4) - 201 (4) 
339 (2) - 281 (2) 
54 (4) - 126 (4) 
90 (5) - 117 (5) 
55 (5) - 69 (5) 
276 (6) - 147 (6) 
123 (5) - 51 (5) 
346 (2) - 50 (2) 
57 (4) - 158 (4) 
331 (4) - 306 (4) 
210 (4) - 200 (4) 
306 (4) - 250 (4) 
58 (8) - 68 (8) 
288 (8) - 106 (8) 
336 (8) - 72 (8) 
184 (8) - 103 (8) 
59 (2) - 338 (2) 
145 (9) - 96 (9) 
65 (3) - 191 (3) 
61 (11) - 328 (11) 
335 (7) - 329 (7) 
349 (9) - 5 (9) 
108 (7) - 276 (7) 
294 (11) - 21 (11) 
133 (7) - 7 (7) 
231 (11) - 277 (11) 
99 (7) - 145 (7) 
267 (4) - 210 (4) 
100 (5) - 100 (5) 
358 (5) - 175 (5) 
62 (4) - 140 (4) 
323 (6) - 313 (6) 
324 (2) - 245 (2) 
284 (3) - 212 (3) 
201 (3) - 178 (3) 
84 (1) - 43 (1) 
74 (6) - 56 (6) 
246 (2) - 339 (2) 
320 (2) - 168 (2) 
299 (4) - 266 (4) 
230 (3) - 292 (3) 
193 (2) - 75 (2) 
85 (4) - 211 (4) 
234 (2) - 262 (2) 
329 (2) - 282 (2) 
194 (6) - 42 (6) 
311 (5) - 368 (5) 
272 (2) - 254 (2) 
256 (5) - 221 (5) 
137 (3) - 286 (3) 
221 (1) - 124 (1) 
72 (4) - 84 (4) 
259 (10) - 293 (10) 
327 (6) - 89 (6) 
77 (5) - 127 (5) 
127 (4) - 272 (4) 
189 (9) - 195 (9) 
75 (2) - 146 (2) 
337 (5) - 236 (5) 
326 (3) - 258 (3) 
209 (3) - 4 (3) 
164 (3) - 136 (3) 
79 (2) - 218 (2) 
257 (2) - 253 (2) 
80 (2) - 86 (2) 
347 (2) - 244 (2) 
87 (3) - 65 (3) 
125 (5) - 323 (5) 
88 (3) - 327 (3) 
151 (3) - 114 (3) 
89 (5) - 121 (5) 
202 (5) - 319 (5) 
237 (5) - 122 (5) 
101 (5) - 153 (5) 
155 (1) - 334 (1) 
92 (4) - 274 (4) 
254 (8) - 373 (8) 
208 (2) - 141 (2) 
366 (7) - 152 (7) 
367 (3) - 342 (3) 
95 (3) - 176 (3) 
110 (3) - 232 (3) 
106 (3) - 269 (3) 
96 (2) - 48 (2) 
241 (2) - 229 (2) 
255 (3) - 58 (3) 
97 (3) - 359 (3) 
105 (4) - 237 (4) 
302 (3) - 273 (3) 
98 (3) - 322 (3) 
348 (11) - 91 (11) 
166 (5) - 247 (5) 
138 (1) - 341 (1) 
173 (2) - 155 (2) 
372 (1) - 374 (1) 
273 (1) - 170 (1) 
124 (2) - 204 (2) 
291 (1) - 312 (1) 
369 (3) - 256 (3) 
373 (2) - 37 (2) 
250 (2) - 154 (2) 
207 (4) - 12 (4) 
232 (2) - 349 (2) 
317 (3) - 161 (3) 
316 (3) - 377 (3) 
196 (3) - 13 (3) 
119 (2) - 76 (2) 
120 (2) - 118 (2) 
149 (3) - 230 (3) 
280 (2) - 159 (2) 
121 (4) - 208 (4) 
282 (1) - 302 (1) 
204 (3) - 307 (3) 
245 (3) - 304 (3) 
122 (4) - 233 (4) 
269 (5) - 295 (5) 
177 (4) - 11 (4) 
321 (1) - 251 (1) 
128 (3) - 299 (3) 
129 (2) - 284 (2) 
365 (2) - 354 (2) 
131 (4) - 138 (4) 
199 (3) - 283 (3) 
153 (3) - 81 (3) 
292 (6) - 288 (6) 
134 (1) - 63 (1) 
136 (1) - 205 (1) 
344 (2) - 186 (2) 
281 (2) - 139 (2) 
304 (3) - 298 (3) 
215 (1) - 6 (1) 
341 (2) - 77 (2) 
356 (2) - 289 (2) 
157 (5) - 135 (5) 
328 (5) - 105 (5) 
161 (4) - 214 (4) 
162 (3) - 207 (3) 
228 (4) - 226 (4) 
319 (4) - 365 (4) 
355 (4) - 8 (4) 
222 (4) - 24 (4) 
170 (2) - 157 (2) 
364 (1) - 199 (1) 
180 (3) - 290 (3) 
247 (3) - 108 (3) 
183 (2) - 1 (2) 
374 (4) - 297 (4) 
192 (4) - 363 (4) 
188 (3) - 125 (3) 
224 (3) - 249 (3) 
198 (3) - 350 (3) 
206 (1) - 184 (1) 
212 (5) - 257 (5) 
313 (5) - 348 (5) 
318 (5) - 19 (5) 
342 (5) - 20 (5) 
229 (1) - 376 (1) 
238 (3) - 90 (3) 
239 (2) - 370 (2) 
240 (1) - 301 (1) 
242 (1) - 317 (1) 
243 (2) - 320 (2) 
296 (2) - 133 (2) 
266 (2) - 142 (2) 
253 (4) - 98 (4) 
283 (4) - 372 (4) 
334 (4) - 137 (4) 
271 (4) - 227 (4) 
278 (2) - 143 (2) 
343 (2) - 325 (2) 
314 (1) - 279 (1) 
333 (1) - 71 (1) 
