0 14
1 225
2 61
3 44
4 180
5 285
6 28
7 333
8 82
9 64
10 340
11 87
12 352
13 78
14 206
15 102
16 203
17 268
18 144
19 308
20 219
21 109
22 305
23 15
24 49
25 165
26 83
27 3
28 128
29 238
30 213
31 242
32 33
33 182
34 216
35 41
36 202
37 309
38 364
39 130
40 275
41 166
42 265
43 231
44 197
45 271
46 115
47 183
48 119
49 172
50 246
51 315
52 116
53 80
54 126
55 69
56 129
57 158
58 68
59 338
60 222
61 328
62 140
63 209
64 73
65 191
66 270
67 187
68 31
69 360
70 189
71 22
72 84
73 120
74 56
75 146
76 324
77 127
78 32
79 218
80 86
81 259
82 101
83 95
84 43
85 211
86 311
87 65
88 327
89 121
90 117
91 46
92 274
93 196
94 93
95 176
96 48
97 359
98 322
99 145
100 100
101 153
102 167
103 188
104 70
105 237
106 269
107 240
108 276
109 104
110 232
111 88
112 132
113 344
114 252
115 280
116 278
117 194
118 60
119 76
120 118
121 208
122 233
123 51
124 204
125 323
126 173
127 272
128 299
129 284
130 123
131 138
132 248
133 7
134 63
135 40
136 205
137 286
138 341
139 171
140 316
141 92
142 185
143 261
144 94
145 96
146 164
147 17
148 53
149 230
150 107
151 114
152 16
153 81
154 67
155 334
156 52
157 135
158 149
159 241
160 112
161 214
162 207
163 2
164 136
165 177
166 247
167 310
168 296
169 337
170 157
171 343
172 0
173 155
174 326
175 335
176 150
177 11
178 47
179 303
180 290
181 260
182 39
183 1
184 103
185 23
186 378
187 74
188 125
189 195
190 162
191 181
192 363
193 75
194 42
195 355
196 13
197 215
198 350
199 283
200 235
201 178
202 319
203 366
204 307
205 267
206 184
207 12
208 141
209 4
210 200
211 54
212 257
213 99
214 287
215 6
216 362
217 321
218 85
219 9
220 34
221 124
222 24
223 294
224 249
225 300
226 45
227 201
228 226
229 376
230 292
231 277
232 349
233 174
234 262
235 361
236 220
237 122
238 90
239 370
240 301
241 229
242 317
243 320
244 351
245 304
246 339
247 108
248 356
249 148
250 154
251 375
252 59
253 98
254 373
255 58
256 221
257 253
258 110
259 293
260 18
261 358
262 160
263 66
264 228
265 346
266 142
267 210
268 179
269 295
270 10
271 227
272 254
273 170
274 192
275 190
276 147
277 163
278 143
279 35
280 159
281 139
282 302
283 372
284 212
285 193
286 217
287 330
288 106
289 347
290 291
291 312
292 288
293 156
294 21
295 25
296 133
297 151
298 263
299 266
300 345
301 357
302 273
303 134
304 298
305 314
306 250
307 55
308 27
309 234
310 198
311 368
312 223
313 348
314 279
315 97
316 377
317 161
318 19
319 365
320 168
321 251
322 318
323 313
324 245
325 239
326 258
327 89
328 105
329 282
330 62
331 306
332 29
333 71
334 137
335 329
336 72
337 236
338 113
339 281
340 26
341 77
342 20
343 325
344 186
345 38
346 50
347 244
348 91
349 5
350 224
351 332
352 169
353 243
354 371
355 8
356 289
357 111
358 175
359 255
360 353
361 367
362 79
363 264
364 199
365 354
366 152
367 342
368 36
369 256
370 131
371 331
372 374
373 37
374 297
375 30
376 336
377 369
378 57
