0 254
1 279
2 664
3 84
4 100
5 635
6 445
7 760
8 157
9 578
10 1000
11 460
12 392
13 563
14 736
15 929
16 218
17 40
18 483
19 24
20 591
21 565
22 265
23 677
24 1021
25 949
26 545
27 287
28 521
29 283
30 436
31 917
32 877
33 371
34 559
35 398
36 782
37 539
38 27
39 624
40 972
41 895
42 973
43 286
44 1018
45 786
46 63
47 720
48 482
49 153
50 827
51 476
52 552
53 675
54 219
55 72
56 546
57 51
58 383
59 509
60 843
61 865
62 515
63 522
64 342
65 618
66 474
67 595
68 375
69 255
70 983
71 874
72 409
73 314
74 667
75 535
76 920
77 913
78 621
79 90
80 902
81 663
82 348
83 472
84 890
85 524
86 1024
87 774
88 386
89 863
90 511
91 16
92 31
93 984
94 4
95 754
96 630
97 666
98 780
99 695
100 837
101 907
102 797
103 264
104 964
105 65
106 430
107 514
108 338
109 402
110 587
111 471
112 26
113 740
114 855
115 636
116 538
117 900
118 485
119 260
120 456
121 745
122 805
123 653
124 481
125 551
126 727
127 527
128 407
129 311
130 594
131 41
132 213
133 21
134 925
135 830
136 586
137 487
138 193
139 43
140 165
141 693
142 1005
143 105
144 226
145 359
146 954
147 243
148 67
149 756
150 147
151 710
152 110
153 35
154 785
155 853
156 395
157 766
158 66
159 116
160 779
161 926
162 465
163 253
164 986
165 801
166 794
167 92
168 499
169 557
170 825
171 662
172 145
173 294
174 692
175 688
176 306
177 416
178 593
179 989
180 703
181 431
182 520
183 909
184 101
185 177
186 796
187 960
188 961
189 0
190 439
191 770
192 602
193 729
194 721
195 908
196 620
197 940
198 335
199 490
200 150
201 104
202 125
203 993
204 676
205 626
206 427
207 9
208 135
209 160
210 382
211 440
212 888
213 808
214 376
215 640
216 804
217 275
218 996
219 941
220 988
221 412
222 495
223 330
224 118
225 931
226 867
227 313
228 172
229 397
230 258
231 742
232 425
233 501
234 261
235 197
236 622
237 979
238 167
239 479
240 673
241 325
242 932
243 544
244 50
245 691
246 387
247 78
248 951
249 391
250 211
251 380
252 627
253 205
254 1009
255 108
256 272
257 616
258 657
259 334
260 181
261 694
262 705
263 828
264 204
265 394
266 217
267 478
268 590
269 166
270 424
271 834
272 242
273 516
274 70
275 496
276 599
277 901
278 114
279 117
280 816
281 628
282 241
283 575
284 1016
285 263
286 187
287 406
288 448
289 370
290 69
291 393
292 462
293 574
294 854
295 744
296 475
297 234
298 759
299 1003
300 432
301 817
302 339
303 203
304 79
305 916
306 1011
307 19
308 604
309 803
310 883
311 39
312 2
313 700
314 555
315 842
316 658
317 731
318 933
319 124
320 671
321 970
322 1002
323 215
324 442
325 840
326 683
327 30
328 318
329 362
330 98
331 850
332 57
333 505
334 377
335 304
336 484
337 489
338 207
339 698
340 405
341 841
342 776
343 813
344 156
345 159
346 351
347 861
348 753
349 329
350 185
351 433
352 148
353 249
354 96
355 905
356 783
357 87
358 1014
359 44
360 461
361 137
362 772
363 741
364 122
365 175
366 126
367 37
368 746
369 271
370 146
371 807
372 811
373 152
374 236
375 763
376 601
377 528
378 924
379 237
380 767
381 937
382 500
383 355
384 229
385 74
386 606
387 136
388 22
389 194
390 360
391 651
392 480
393 723
394 88
395 164
396 936
397 852
398 716
399 507
400 420
401 186
402 312
403 503
404 686
405 790
406 155
407 295
408 437
409 798
410 38
411 353
412 232
413 689
414 410
415 831
416 777
417 451
418 526
419 128
420 91
421 570
422 7
423 421
424 292
425 632
426 903
427 316
428 1001
429 378
430 619
431 553
432 896
433 661
434 170
435 13
436 357
437 55
438 216
439 417
440 944
441 71
442 28
443 889
444 611
445 1010
446 880
447 820
448 493
449 598
450 337
451 464
452 173
453 42
454 443
455 276
456 799
457 73
458 447
459 341
460 649
461 408
462 573
463 614
464 195
465 301
466 196
467 251
468 939
469 607
470 179
471 1006
472 426
473 656
474 504
475 639
476 176
477 791
478 718
479 617
480 239
481 284
482 270
483 588
484 212
485 358
486 892
487 266
488 930
489 77
490 752
491 670
492 112
493 532
494 151
495 821
496 233
497 665
498 566
499 49
500 859
501 702
502 832
503 48
504 171
505 227
506 637
507 381
508 659
509 396
510 558
511 510
512 224
513 418
514 384
515 297
516 747
517 858
518 1012
519 724
520 833
521 93
522 560
523 638
524 319
525 491
526 429
527 209
528 771
529 119
530 210
531 356
532 288
533 403
534 704
535 113
536 223
537 17
538 411
539 103
540 812
541 240
542 893
543 106
544 1008
545 648
546 629
547 454
548 20
549 550
550 134
551 699
552 323
553 368
554 824
555 6
556 631
557 875
558 646
559 350
560 25
561 169
562 711
563 678
564 293
565 497
566 561
567 34
568 302
569 300
570 366
571 980
572 943
573 202
574 80
575 608
576 494
577 784
578 52
579 871
580 991
581 952
582 85
583 845
584 847
585 414
586 976
587 178
588 143
589 603
590 247
591 644
592 347
593 1023
594 180
595 267
596 10
597 814
598 681
599 435
600 652
601 506
602 372
603 322
604 252
605 82
606 829
607 488
608 256
609 441
610 374
611 878
612 369
613 327
614 303
615 712
616 769
617 1022
618 554
619 685
620 567
621 848
622 452
623 818
624 950
625 714
626 969
627 778
628 259
629 273
630 222
631 191
632 201
633 519
634 336
635 541
636 684
637 1004
638 915
639 401
640 163
641 839
642 835
643 529
644 184
645 809
646 140
647 719
648 107
649 343
650 897
651 149
652 111
653 18
654 849
655 361
656 1
657 583
658 466
659 708
660 868
661 838
662 141
663 609
664 415
665 775
666 115
667 477
668 701
669 423
670 221
671 413
672 810
673 911
674 130
675 885
676 857
677 60
678 230
679 321
680 762
681 174
682 751
683 245
684 214
685 904
686 919
687 726
688 390
689 927
690 246
691 400
692 274
693 419
694 536
695 966
696 981
697 498
698 968
699 206
700 470
701 965
702 531
703 102
704 709
705 962
706 235
707 512
708 367
709 542
710 68
711 571
712 517
713 109
714 83
715 706
716 3
717 806
718 956
719 121
720 995
721 898
722 89
723 743
724 815
725 530
726 446
727 910
728 399
729 54
730 364
731 228
732 438
733 967
734 955
735 192
736 690
737 851
738 332
739 860
740 912
741 467
742 680
743 947
744 792
745 755
746 513
747 457
748 463
749 58
750 373
751 81
752 94
753 250
754 523
755 687
756 469
757 379
758 975
759 47
760 668
761 585
762 285
763 572
764 728
765 823
766 244
767 579
768 198
769 758
770 836
771 190
772 945
773 547
774 280
775 344
776 434
777 278
778 750
779 189
780 596
781 289
782 942
783 208
784 958
785 5
786 737
787 59
788 985
789 534
790 765
791 129
792 162
793 819
794 605
795 856
796 132
797 882
798 959
799 999
800 946
801 674
802 650
803 922
804 992
805 131
806 315
807 268
808 879
809 36
810 881
811 290
812 127
813 725
814 732
815 308
816 869
817 53
818 977
819 562
820 352
821 894
822 844
823 748
824 935
825 328
826 199
827 269
828 123
829 86
830 569
831 1017
832 61
833 309
834 62
835 133
836 95
837 761
838 277
839 32
840 582
841 298
842 296
843 584
844 781
845 600
846 971
847 183
848 802
849 450
850 717
851 978
852 679
853 633
854 655
855 625
856 990
857 623
858 787
859 564
860 99
861 11
862 672
863 789
864 468
865 1020
866 862
867 317
868 735
869 458
870 826
871 385
872 139
873 592
874 713
875 333
876 1019
877 998
878 733
879 948
880 581
881 987
882 331
883 220
884 345
885 866
886 97
887 887
888 144
889 921
890 518
891 660
892 29
893 928
894 997
895 33
896 963
897 161
898 154
899 923
900 556
901 225
902 707
903 793
904 492
905 12
906 974
907 262
908 934
909 645
910 257
911 873
912 188
913 1013
914 248
915 795
916 669
917 354
918 14
919 540
920 404
921 906
922 715
923 363
924 453
925 508
926 864
927 548
928 75
929 696
930 749
931 730
932 305
933 697
934 886
935 773
936 884
937 576
938 310
939 757
940 568
941 64
942 549
943 914
944 459
945 647
946 444
947 788
948 525
949 899
950 346
951 641
952 734
953 615
954 533
955 142
956 1007
957 846
958 23
959 682
960 455
961 349
962 613
963 449
964 326
965 158
966 597
967 654
968 738
969 580
970 642
971 45
972 722
973 994
974 428
975 739
976 872
977 56
978 282
979 238
980 876
981 918
982 938
983 120
984 822
985 643
986 486
987 46
988 589
989 612
990 891
991 422
992 76
993 168
994 281
995 138
996 577
997 8
998 291
999 389
1000 200
1001 307
1002 473
1003 768
1004 800
1005 340
1006 299
1007 502
1008 320
1009 388
1010 537
1011 231
1012 610
1013 764
1014 1015
1015 324
1016 365
1017 953
1018 870
1019 15
1020 182
1021 543
1022 634
1023 982
1024 957
