0 171
1 21
2 193
3 163
4 89
5 100
6 125
7 31
8 170
9 83
10 43
11 149
12 45
13 99
14 20
15 92
16 166
17 119
18 10
19 93
20 74
21 26
22 59
23 52
24 123
25 112
26 27
27 136
28 165
29 143
30 36
31 25
32 85
33 77
34 33
35 183
36 48
37 182
38 111
39 13
40 67
41 186
42 194
43 147
44 164
45 131
46 142
47 84
48 173
49 107
50 62
51 7
52 69
53 161
54 190
55 15
56 37
57 169
58 175
59 118
60 141
61 24
62 120
63 129
64 184
65 109
66 126
67 49
68 40
69 114
70 137
71 54
72 2
73 198
74 87
75 127
76 134
77 153
78 196
79 1
80 199
81 86
82 176
83 160
84 16
85 128
86 30
87 150
88 138
89 68
90 51
91 70
92 159
93 91
94 0
95 65
96 29
97 42
98 187
99 73
100 6
101 41
102 130
103 64
104 97
105 168
106 158
107 4
108 148
109 177
110 197
111 189
112 75
113 34
114 145
115 79
116 106
117 61
118 133
119 17
120 156
121 53
122 146
123 151
124 110
125 56
126 155
127 63
128 50
129 9
130 98
131 152
132 122
133 66
134 102
135 139
136 188
137 179
138 178
139 23
140 95
141 18
142 124
143 14
144 94
145 116
146 115
147 8
148 19
149 162
150 101
151 192
152 172
153 57
154 47
155 108
156 167
157 180
158 135
159 39
160 80
161 72
162 157
163 28
164 60
165 144
166 11
167 35
168 12
169 5
170 121
171 105
172 81
173 195
174 113
175 117
176 76
177 132
178 78
179 82
180 38
181 3
182 58
183 103
184 90
185 154
186 185
187 181
188 71
189 32
190 44
191 22
192 96
193 55
194 88
195 174
196 46
197 191
198 140
199 104
