347	125
347	135
347	62
347	170
347	208
363	185
363	222
363	223
363	173
363	233
363	106
363	243
154	203
18	9
18	362
18	253
28	212
28	125
28	88
28	73
28	62
28	340
28	205
108	24
108	250
108	127
52	56
52	159
186	114
186	215
186	291
186	180
186	36
186	120
186	230
186	58
186	354
186	330
186	285
186	72
186	298
186	2
331	39
331	37
331	115
331	292
331	79
331	179
331	204
282	9
282	362
282	117
282	272
282	136
282	350
220	138
220	299
220	315
220	175
220	98
220	95
298	153
298	261
298	253
298	92
298	155
298	117
244	264
244	277
244	239
244	245
261	153
261	376
261	253
261	283
261	92
261	152
261	144
261	183
261	201
261	16
261	290
261	168
261	85
261	358
261	196
261	317
357	20
357	221
357	128
357	87
357	213
283	153
283	376
283	253
72	48
72	119
72	160
72	302
72	70
216	319
216	129
216	305
216	256
323	27
323	48
323	68
323	71
323	332
0	107
0	128
0	346
0	104
0	185
0	289
84	309
84	325
84	166
120	114
120	215
120	291
120	180
120	36
120	230
120	58
120	354
120	330
120	285
120	25
242	269
242	102
242	228
242	377
242	337
7	235
7	6
197	146
197	51
197	203
245	232
245	194
245	312
245	55
245	38
17	193
17	288
17	188
17	49
17	342
17	225
17	147
17	348
64	277
64	78
327	138
327	185
327	286
327	229
311	138
311	286
311	378
311	102
311	98
311	14
260	138
260	185
260	286
260	46
345	352
345	65
326	369
326	157
326	212
326	8
326	289
326	272
326	192
208	118
313	165
313	133
313	356
313	55
313	124
313	78
33	277
33	90
33	352
33	306
33	149
33	275
33	303
33	241
33	153
184	249
184	161
184	30
184	219
184	280
184	275
184	314
328	21
328	210
328	60
328	3
328	182
328	240
328	340
224	368
224	66
224	284
224	270
224	87
248	177
248	86
248	203
248	236
248	257
93	268
93	122
93	151
93	320
93	267
93	147
359	241
359	308
359	318
359	189
359	90
359	15
138	235
138	185
138	47
138	252
138	107
138	286
138	143
138	218
138	101
138	145
138	251
138	299
138	315
138	112
138	162
138	378
138	53
138	1
138	155
138	231
138	259
138	214
138	70
138	192
138	301
138	366
138	94
138	95
138	26
138	46
138	309
346	107
346	128
346	104
346	180
346	117
159	157
159	56
159	104
181	349
181	112
181	114
288	47
288	193
288	109
288	173
288	243
288	80
288	148
288	237
288	79
288	198
71	27
71	48
71	68
71	332
71	358
188	34
188	165
188	172
188	225
188	164
321	309
321	265
39	190
39	32
39	339
39	50
39	375
39	142
39	37
39	210
39	115
39	292
39	360
39	361
39	79
39	179
39	204
39	364
39	335
112	38
112	81
112	221
270	368
270	66
270	284
229	24
229	255
229	99
229	322
229	273
163	336
163	295
163	344
163	209
269	54
269	24
269	102
269	228
269	377
269	10
269	70
332	27
332	48
332	68
190	61
190	287
190	23
190	32
190	339
190	50
190	375
190	167
190	142
190	372
190	169
190	126
190	139
190	205
190	249
190	373
190	14
190	31
376	153
376	253
376	231
246	152
246	122
246	22
246	294
246	374
265	309
265	115
189	241
189	308
189	318
152	309
152	153
152	146
152	111
152	144
152	122
152	86
152	310
152	249
152	51
152	168
152	22
152	195
38	81
16	183
16	201
16	187
16	210
175	299
175	315
83	111
83	51
83	307
83	290
201	183
201	294
156	203
156	293
156	4
131	369
131	309
131	157
131	253
131	279
131	94
129	58
129	319
129	305
129	100
129	256
110	40
57	315
57	158
354	180
354	58
354	374
372	23
372	32
372	169
179	37
179	115
179	292
179	79
179	204
377	228
193	47
193	337
193	109
193	173
193	243
193	80
193	148
113	274
113	336
113	25
113	115
113	297
116	277
116	90
116	58
116	352
116	238
25	274
25	336
25	115
25	297
25	182
334	122
334	374
334	371
252	47
252	107
252	286
378	286
336	274
336	115
336	297
336	295
336	344
336	209
336	133
336	240
243	222
243	173
243	50
80	267
233	222
233	173
115	37
115	274
115	297
115	292
115	79
115	204
236	86
236	173
239	264
239	277
118	277
118	371
118	82
118	262
118	88
118	73
118	316
118	141
118	14
65	352
271	165
271	272
215	114
215	291
215	180
215	36
215	230
215	330
215	285
29	185
29	212
29	125
29	76
96	121
96	86
96	238
96	227
96	278
96	310
98	299
98	315
98	230
98	68
98	89
98	40
333	277
333	212
333	360
333	24
137	227
137	20
217	237
217	249
217	51
217	74
358	85
358	180
320	268
320	122
320	151
320	267
320	147
320	171
320	211
320	81
8	369
8	157
8	212
8	289
8	237
132	111
132	241
361	292
361	360
361	89
352	277
352	90
352	58
352	234
352	35
60	3
60	182
89	369
89	309
89	157
27	48
27	119
27	68
350	9
350	362
350	117
350	272
350	136
99	24
99	255
99	290
99	254
256	319
256	305
167	287
167	312
167	317
199	322
199	191
199	353
199	338
199	294
199	105
227	86
227	238
227	314
227	278
227	303
227	255
330	180
330	285
90	277
90	58
127	24
127	250
127	97
127	305
130	277
130	207
250	24
250	296
351	185
351	173
73	212
73	125
73	88
73	62
73	141
274	297
274	117
370	173
370	43
286	235
286	185
286	47
286	107
286	218
286	101
286	145
286	231
286	259
286	214
286	192
286	301
286	366
286	94
286	26
170	277
170	42
170	176
170	94
170	74
74	15
74	341
74	314
74	102
74	119
140	277
140	202
273	165
273	172
70	47
70	109
70	255
70	14
47	107
47	349
47	75
76	185
76	212
76	125
67	254
67	66
134	21
134	210
134	15
268	122
268	151
268	267
268	147
255	24
42	277
42	176
42	322
150	304
150	61
150	45
150	305
6	235
6	299
278	86
278	238
141	88
141	145
141	126
325	309
107	185
107	218
107	101
107	145
107	231
107	259
107	11
107	178
107	128
107	104
107	367
295	344
295	209
241	111
241	308
241	318
14	32
14	142
219	249
219	86
258	369
258	365
258	303
12	237
12	249
369	309
369	157
369	253
369	35
369	279
369	289
369	365
369	45
222	185
222	223
222	173
222	106
222	123
322	24
322	266
322	191
322	353
322	338
322	294
322	355
322	103
322	153
213	287
22	122
22	173
307	111
307	51
253	153
253	92
253	35
253	290
253	279
253	314
364	292
364	335
316	262
151	122
151	267
151	147
151	59
44	310
44	300
44	19
44	31
344	209
289	157
289	200
200	287
200	13
254	280
254	66
254	173
158	315
158	162
86	111
86	177
86	203
86	238
86	207
86	314
86	348
23	61
23	32
23	169
23	4
23	284
251	53
251	1
251	155
153	92
153	144
153	290
318	308
318	214
300	310
300	97
136	9
136	362
136	117
136	272
136	281
374	122
342	117
161	249
198	287
198	263
198	13
198	146
302	48
302	119
302	160
164	109
164	368
126	169
126	139
126	205
126	100
78	165
78	133
78	356
78	55
78	124
91	157
91	41
91	166
91	232
91	19
91	2
173	185
173	223
173	106
173	135
173	43
173	367
180	114
180	291
180	36
180	230
180	58
180	285
180	66
180	178
36	114
36	291
36	230
310	97
310	195
355	103
367	185
367	106
367	135
32	61
32	339
32	142
32	169
32	155
32	63
275	149
92	290
277	24
277	264
277	122
277	58
277	276
277	306
277	149
277	212
277	324
277	202
277	196
277	206
277	5
277	176
19	157
230	114
230	291
62	212
62	125
62	88
62	135
305	319
305	100
305	349
305	119
58	30
87	20
87	221
87	128
87	77
203	177
203	293
203	4
24	54
24	348
24	63
117	9
117	362
117	272
1	53
1	155
195	162
162	56
125	185
125	212
125	88
125	135
125	206
125	226
267	122
267	147
267	349
214	235
214	185
214	192
214	301
375	339
375	50
375	210
375	77
144	111
144	249
144	51
232	166
232	194
232	312
303	149
303	105
306	276
306	324
306	317
306	329
366	218
366	94
263	287
263	13
45	304
45	61
68	48
68	314
68	368
68	335
50	339
50	37
50	292
207	177
207	238
207	122
309	157
309	146
309	111
133	165
133	172
133	272
133	348
133	356
133	55
133	124
304	61
293	105
293	4
119	48
119	160
119	43
119	4
119	312
145	185
145	218
145	101
145	231
145	259
287	13
82	371
82	262
341	15
341	314
109	368
40	37
40	343
104	128
106	185
106	135
143	235
143	185
143	177
143	296
234	314
123	122
348	165
335	292
172	34
172	165
172	272
172	95
21	210
21	240
312	194
259	185
259	218
259	101
259	231
259	319
11	178
212	185
212	324
212	174
212	88
51	48
51	111
51	237
51	249
51	77
51	187
339	142
149	226
149	196
149	281
204	37
204	292
204	79
79	37
79	292
169	139
169	205
171	122
171	10
171	69
353	191
353	338
55	165
55	356
55	124
266	191
266	210
53	155
368	66
368	284
317	329
226	166
218	185
218	101
218	231
218	94
371	262
371	187
294	191
362	9
362	272
362	281
46	185
101	185
101	231
185	235
185	231
185	174
185	192
185	301
37	343
37	292
177	238
177	3
314	15
95	299
95	315
178	34
114	291
97	349
272	235
272	9
272	165
272	247
59	69
206	196
174	340
174	291
360	292
111	48
111	146
111	249
111	30
111	187
281	9
192	301
34	165
349	75
240	210
315	299
210	3
210	340
41	191
284	66
235	165
235	247
81	160
147	122
69	122
30	249
319	100
165	247
165	356
165	124
48	160
48	187
3	340
3	187
249	139
249	237
249	373
139	205
139	373
221	20
221	128
356	124
338	191
211	122
122	10
20	128
329	301
