0 372
1 109
2 0
3 328
4 246
5 202
6 206
7 152
8 187
9 126
10 25
11 56
12 297
13 290
14 298
15 338
16 306
17 87
18 268
19 240
20 65
21 219
22 311
23 316
24 163
25 354
26 217
27 201
28 66
29 117
30 86
31 39
32 340
33 199
34 49
35 218
36 231
37 3
38 250
39 27
40 323
41 256
42 128
43 325
44 326
45 122
46 20
47 353
48 252
49 30
50 116
51 35
52 259
53 40
54 112
55 88
56 320
57 45
58 366
59 334
60 243
61 350
62 196
63 346
64 247
65 337
66 212
67 295
68 185
69 370
70 189
71 14
72 7
73 289
74 102
75 2
76 123
77 263
78 153
79 167
80 278
81 248
82 96
83 108
84 154
85 37
86 46
87 233
88 15
89 264
90 322
91 172
92 44
93 349
94 10
95 239
96 26
97 63
98 194
99 60
100 68
101 73
102 55
103 115
104 288
105 215
106 77
107 131
108 125
109 92
110 193
111 143
112 80
113 70
114 324
115 286
116 279
117 271
118 342
119 24
120 164
121 4
122 276
123 293
124 285
125 291
126 111
127 249
128 50
129 195
130 31
131 159
132 236
133 255
134 190
135 54
136 319
137 166
138 284
139 208
140 355
141 302
142 161
143 90
144 100
145 23
146 309
147 294
148 300
149 179
150 253
151 209
152 270
153 347
154 89
155 183
156 95
157 275
158 213
159 169
160 9
161 351
162 57
163 312
164 224
165 11
166 34
167 307
168 106
169 171
170 360
171 305
172 203
173 113
174 274
175 365
176 292
177 211
178 173
179 186
180 1
181 118
182 374
183 145
184 314
185 254
186 61
187 364
188 221
189 29
190 103
191 371
192 6
193 222
194 62
195 140
196 75
197 235
198 59
199 282
200 204
201 21
202 85
203 13
204 363
205 142
206 110
207 200
208 281
209 228
210 181
211 182
212 223
213 348
214 150
215 327
216 262
217 76
218 38
219 84
220 205
221 94
222 277
223 299
224 97
225 238
226 114
227 136
228 83
229 180
230 72
231 162
232 367
233 375
234 376
235 8
236 261
237 74
238 81
239 133
240 341
241 147
242 198
243 260
244 22
245 331
246 18
247 28
248 174
249 134
250 266
251 58
252 333
253 317
254 251
255 345
256 378
257 36
258 344
259 226
260 362
261 197
262 148
263 358
264 168
265 280
266 241
267 232
268 272
269 329
270 149
271 157
272 175
273 207
274 301
275 315
276 99
277 192
278 42
279 373
280 132
281 82
282 119
283 303
284 78
285 287
286 191
287 304
288 321
289 178
290 120
291 137
292 216
293 377
294 357
295 258
296 184
297 17
298 244
299 227
300 210
301 160
302 127
303 308
304 67
305 214
306 69
307 135
308 141
309 369
310 245
311 332
312 121
313 16
314 52
315 71
316 368
317 361
318 225
319 144
320 33
321 139
322 267
323 265
324 318
325 352
326 48
327 343
328 269
329 296
330 335
331 330
332 313
333 170
334 359
335 356
336 93
337 165
338 64
339 230
340 43
341 336
342 101
343 107
344 146
345 156
346 155
347 32
348 273
349 12
350 41
351 5
352 79
353 129
354 105
355 237
356 151
357 98
358 234
359 242
360 124
361 220
362 158
363 47
364 177
365 104
366 188
367 91
368 229
369 19
370 53
371 51
372 176
373 130
374 257
375 339
376 138
377 310
378 283
