0 2334
1 3264
2 237
3 2923
4 2785
5 32
6 4816
7 5335
8 6831
9 6741
10 4776
11 6343
12 1429
13 5426
14 2338
15 3137
16 6324
17 4033
18 5279
19 5234
20 14
21 123
22 1629
23 2461
24 6017
25 3575
26 6257
27 5863
28 1011
29 1981
30 446
31 1505
32 4532
33 2110
34 4748
35 4312
36 97
37 5020
38 4221
39 6680
40 96
41 6132
42 2173
43 1935
44 1575
45 530
46 4919
47 4933
48 6812
49 5433
50 816
51 6548
52 150
53 6667
54 2476
55 6392
56 2642
57 4726
58 4667
59 43
60 2590
61 2170
62 4613
63 5440
64 6015
65 3356
66 5563
67 2014
68 2610
69 2967
70 1171
71 3454
72 699
73 2970
74 4408
75 6248
76 703
77 3293
78 4826
79 4665
80 7082
81 6991
82 1687
83 293
84 1459
85 1214
86 1323
87 1624
88 3162
89 3346
90 5484
91 6893
92 4419
93 4617
94 6305
95 3534
96 1208
97 2244
98 2091
99 3738
100 1041
101 1580
102 4053
103 4395
104 2253
105 2454
106 4694
107 5571
108 3940
109 6587
110 2702
111 83
112 152
113 2664
114 7115
115 3113
116 7229
117 970
118 6984
119 3019
120 720
121 2911
122 5641
123 6089
124 2153
125 1742
126 744
127 3528
128 4485
129 5071
130 4789
131 4237
132 1425
133 481
134 5452
135 6215
136 6782
137 4564
138 1435
139 3065
140 4677
141 2146
142 268
143 310
144 4291
145 5496
146 3040
147 6404
148 5179
149 2979
150 1370
151 4556
152 992
153 6522
154 7175
155 2886
156 114
157 3268
158 1410
159 5419
160 3437
161 5230
162 468
163 799
164 5171
165 5773
166 2129
167 3161
168 3744
169 5054
170 779
171 5402
172 4670
173 4982
174 2655
175 803
176 5002
177 5856
178 1664
179 3403
180 1004
181 5738
182 3639
183 4037
184 1616
185 1419
186 2138
187 6179
188 2962
189 1483
190 4163
191 1780
192 5005
193 7228
194 7035
195 3633
196 5591
197 6131
198 4101
199 7085
200 648
201 5006
202 7213
203 1706
204 3840
205 3521
206 3843
207 5516
208 2198
209 3626
210 390
211 2637
212 80
213 3547
214 5163
215 3039
216 2419
217 3873
218 2812
219 2779
220 214
221 6042
222 2020
223 6043
224 4267
225 7021
226 305
227 2587
228 1042
229 1396
230 413
231 5663
232 891
233 2680
234 6053
235 1945
236 6940
237 1758
238 6818
239 1173
240 4537
241 4986
242 3023
243 2556
244 4570
245 3341
246 5123
247 4983
248 4997
249 5945
250 991
251 5063
252 2867
253 4129
254 3271
255 5382
256 2132
257 1929
258 2140
259 1872
260 5802
261 4877
262 6165
263 5569
264 2931
265 4837
266 4451
267 329
268 6379
269 7117
270 6032
271 5220
272 6827
273 5415
274 3824
275 4260
276 6123
277 4044
278 2829
279 231
280 2863
281 606
282 2426
283 3781
284 6393
285 3898
286 4431
287 1464
288 3224
289 1179
290 1994
291 585
292 6111
293 6987
294 2900
295 307
296 2638
297 4527
298 5554
299 893
300 2674
301 5984
302 5679
303 3217
304 6344
305 5342
306 7043
307 157
308 2661
309 4931
310 737
311 1186
312 700
313 4871
314 2884
315 6464
316 6323
317 5837
318 2397
319 6928
320 4655
321 6420
322 5800
323 6814
324 1887
325 4625
326 895
327 745
328 2954
329 5210
330 68
331 2317
332 3202
333 6617
334 2853
335 1578
336 101
337 243
338 6238
339 6833
340 5711
341 6413
342 5092
343 471
344 6777
345 498
346 6302
347 978
348 7044
349 3422
350 857
351 2137
352 6175
353 5957
354 3986
355 2372
356 4427
357 4820
358 783
359 2964
360 1790
361 2889
362 6486
363 4177
364 6798
365 4935
366 4544
367 1942
368 3540
369 3618
370 4586
371 4308
372 905
373 6309
374 362
375 5601
376 4068
377 6704
378 6877
379 5409
380 1724
381 331
382 4081
383 4708
384 1712
385 4907
386 1016
387 5294
388 5442
389 98
390 40
391 4728
392 4823
393 1865
394 657
395 845
396 5540
397 3961
398 3850
399 5250
400 721
401 3729
402 134
403 4115
404 3776
405 2077
406 1037
407 30
408 470
409 5040
410 3794
411 3565
412 2796
413 1236
414 4127
415 4690
416 987
417 5124
418 3229
419 334
420 3720
421 1473
422 6855
423 6930
424 2280
425 1606
426 2550
427 1404
428 608
429 911
430 5353
431 5619
432 1972
433 5894
434 2387
435 2238
436 7087
437 4410
438 7110
439 2325
440 6051
441 848
442 1009
443 3562
444 1976
445 1988
446 3614
447 6727
448 6172
449 6902
450 5656
451 4947
452 3218
453 3237
454 444
455 7055
456 945
457 339
458 5358
459 3503
460 6448
461 5926
462 3245
463 713
464 5189
465 4854
466 275
467 4331
468 417
469 3261
470 3061
471 802
472 2993
473 1824
474 2354
475 5570
476 5509
477 6484
478 7095
479 1299
480 1474
481 3184
482 3892
483 6611
484 5697
485 6588
486 6713
487 6569
488 1830
489 5850
490 4370
491 2225
492 5094
493 873
494 2403
495 5018
496 1645
497 138
498 1180
499 1000
500 1720
501 253
502 44
503 6516
504 589
505 4782
506 3126
507 1219
508 5177
509 4213
510 647
511 5994
512 4897
513 424
514 5510
515 4959
516 5100
517 3394
518 3300
519 1191
520 1337
521 5719
522 6645
523 6127
524 1302
525 232
526 2521
527 1055
528 1682
529 3487
530 7013
531 5133
532 6100
533 3029
534 3870
535 5821
536 4839
537 5643
538 3022
539 136
540 1313
541 790
542 6293
543 1757
544 2493
545 1912
546 5696
547 1369
548 3233
549 27
550 3946
551 1597
552 6395
553 6958
554 7217
555 181
556 6156
557 1876
558 183
559 3504
560 266
561 2955
562 770
563 3931
564 5024
565 4607
566 1005
567 1701
568 384
569 5333
570 3450
571 6237
572 6597
573 6550
574 2076
575 7114
576 2897
577 2306
578 872
579 4244
580 7230
581 1269
582 1558
583 547
584 3255
585 5613
586 610
587 5617
588 1007
589 1212
590 1288
591 2808
592 6600
593 1121
594 3402
595 5244
596 2113
597 998
598 128
599 5875
600 3335
601 3524
602 5720
603 5808
604 1050
605 226
606 3512
607 981
608 7018
609 2573
610 3692
611 3595
612 85
613 4488
614 3005
615 2572
616 4928
617 961
618 690
619 4052
620 6540
621 6657
622 5314
623 2866
624 3390
625 6865
626 1097
627 3533
628 7090
629 2023
630 2134
631 840
632 4603
633 661
634 5385
635 973
636 488
637 4006
638 919
639 5917
640 6889
641 2179
642 3424
643 5451
644 3653
645 5586
646 6686
647 1267
648 2111
649 2856
650 1409
651 3220
652 274
653 3478
654 574
655 4352
656 1608
657 6255
658 2861
659 5874
660 5552
661 3647
662 256
663 6444
664 1148
665 1469
666 6703
667 4278
668 4124
669 4342
670 2085
671 4989
672 2213
673 3662
674 6119
675 3636
676 733
677 5436
678 3638
679 1892
680 926
681 5921
682 5412
683 4875
684 4154
685 3316
686 6203
687 5792
688 6423
689 6414
690 6919
691 2973
692 953
693 7162
694 5245
695 6566
696 5788
697 6320
698 4191
699 6037
700 4697
701 3215
702 2233
703 175
704 2050
705 3735
706 5956
707 671
708 5059
709 2401
710 696
711 6098
712 6985
713 6453
714 4294
715 6230
716 6220
717 1427
718 5280
719 5254
720 3519
721 352
722 1493
723 2200
724 5526
725 597
726 5731
727 1231
728 3862
729 7227
730 3733
731 7150
732 2303
733 11
734 4914
735 2971
736 2087
737 6258
738 2360
739 1792
740 4659
741 3164
742 2399
743 6080
744 3464
745 4339
746 5908
747 2277
748 1195
749 1423
750 780
751 6452
752 3686
753 7022
754 5437
755 566
756 6725
757 7223
758 7120
759 7111
760 19
761 7081
762 5961
763 5299
764 6475
765 3891
766 4150
767 2243
768 4166
769 3496
770 6325
771 1500
772 2714
773 5084
774 3188
775 7127
776 211
777 343
778 445
779 1047
780 5592
781 269
782 1695
783 2792
784 233
785 4999
786 1723
787 1078
788 2689
789 5980
790 950
791 5525
792 206
793 761
794 294
795 2001
796 330
797 2703
798 835
799 4815
800 5427
801 3634
802 6073
803 4703
804 3981
805 52
806 2377
807 3074
808 2855
809 4210
810 2292
811 7222
812 1140
813 5501
814 7264
815 2071
816 4515
817 6910
818 6193
819 1982
820 333
821 7032
822 5438
823 594
824 4891
825 4059
826 1637
827 6870
828 2536
829 4630
830 4916
831 3617
832 6401
833 7122
834 4472
835 5448
836 1040
837 5934
838 5803
839 4843
840 2974
841 5536
842 2044
843 5634
844 6004
845 1550
846 2355
847 4046
848 2391
849 2565
850 2002
851 345
852 5734
853 3576
854 1116
855 463
856 2699
857 6101
858 1045
859 4007
860 813
861 4406
862 2506
863 938
864 2561
865 6040
866 675
867 4735
868 2938
869 4118
870 5736
871 5098
872 4924
873 5931
874 1394
875 4137
876 2342
877 2952
878 5441
879 1310
880 3480
881 4050
882 5386
883 5359
884 2712
885 6733
886 557
887 6908
888 434
889 4722
890 3050
891 1676
892 5754
893 4882
894 6884
895 2803
896 6155
897 8
898 5344
899 4754
900 6867
901 6808
902 6634
903 277
904 3789
905 1249
906 6493
907 4550
908 3710
909 4301
910 5866
911 4676
912 3612
913 855
914 4956
915 4902
916 820
917 177
918 353
919 1711
920 3923
921 4737
922 5577
923 2927
924 2998
925 1858
926 2613
927 3427
928 6176
929 4920
930 5278
931 5010
932 5789
933 5141
934 3852
935 4915
936 3136
937 3924
938 1498
939 1332
940 4629
941 5942
942 520
943 7182
944 4844
945 933
946 5286
947 2366
948 440
949 6077
950 1587
951 4764
952 1715
953 1325
954 4063
955 2270
956 940
957 735
958 5756
959 5065
960 5615
961 2701
962 4029
963 3920
964 2539
965 1966
966 1855
967 3689
968 409
969 2130
970 6909
971 1898
972 740
973 2139
974 4741
975 3723
976 3792
977 5425
978 375
979 2477
980 4388
981 5046
982 4197
983 2646
984 6792
985 3128
986 1995
987 2687
988 3594
989 5902
990 1080
991 5267
992 4992
993 1683
994 2313
995 3272
996 1859
997 758
998 2633
999 7249
1000 2881
1001 4805
1002 87
1003 3342
1004 37
1005 4531
1006 5239
1007 6149
1008 2254
1009 5637
1010 2763
1011 692
1012 890
1013 2832
1014 1159
1015 6868
1016 2176
1017 3620
1018 3101
1019 595
1020 1162
1021 1250
1022 197
1023 6102
1024 3449
1025 5165
1026 4847
1027 5235
1028 1308
1029 2725
1030 6986
1031 3554
1032 4742
1033 1535
1034 5266
1035 5877
1036 1947
1037 4836
1038 5835
1039 5327
1040 4373
1041 7296
1042 4853
1043 4850
1044 3142
1045 2708
1046 3392
1047 3363
1048 1879
1049 6744
1050 6204
1051 4528
1052 6666
1053 552
1054 1894
1055 1675
1056 3751
1057 876
1058 5767
1059 5770
1060 1094
1061 2092
1062 242
1063 1237
1064 1733
1065 4581
1066 2890
1067 4679
1068 2552
1069 6340
1070 1980
1071 1620
1072 4536
1073 6820
1074 3421
1075 3919
1076 1375
1077 4353
1078 6214
1079 6031
1080 5205
1081 5281
1082 6303
1083 3374
1084 6639
1085 776
1086 6020
1087 5695
1088 2997
1089 3797
1090 6194
1091 5594
1092 3057
1093 2781
1094 4108
1095 4067
1096 7216
1097 2575
1098 3765
1099 1434
1100 922
1101 6836
1102 3459
1103 5879
1104 3701
1105 180
1106 966
1107 3209
1108 5707
1109 7160
1110 6330
1111 1667
1112 5504
1113 369
1114 4609
1115 3583
1116 1611
1117 3606
1118 2485
1119 5237
1120 6624
1121 5772
1122 1455
1123 3492
1124 6793
1125 3853
1126 4494
1127 2532
1128 5959
1129 2756
1130 676
1131 396
1132 3093
1133 238
1134 897
1135 1141
1136 1488
1137 1908
1138 4731
1139 3238
1140 6027
1141 6505
1142 643
1143 979
1144 5383
1145 3500
1146 6251
1147 2025
1148 6003
1149 6993
1150 1745
1151 6358
1152 3138
1153 6136
1154 5466
1155 6254
1156 1240
1157 7135
1158 2029
1159 1566
1160 228
1161 3877
1162 2823
1163 47
1164 5394
1165 6866
1166 3254
1167 4442
1168 2548
1169 3214
1170 140
1171 3737
1172 581
1173 1478
1174 6425
1175 3258
1176 5857
1177 7290
1178 5778
1179 3156
1180 1874
1181 6736
1182 5762
1183 3246
1184 7089
1185 4524
1186 6584
1187 5839
1188 6485
1189 2380
1190 7100
1191 2505
1192 6752
1193 1610
1194 5049
1195 3130
1196 479
1197 5090
1198 308
1199 6339
1200 5336
1201 5306
1202 4794
1203 1480
1204 3165
1205 6994
1206 311
1207 3769
1208 6498
1209 949
1210 3835
1211 1634
1212 2755
1213 2190
1214 5270
1215 4936
1216 3705
1217 3448
1218 257
1219 6640
1220 4771
1221 3561
1222 4979
1223 4990
1224 6346
1225 2731
1226 7240
1227 548
1228 5119
1229 1384
1230 4299
1231 5799
1232 1719
1233 6526
1234 3698
1235 4309
1236 6724
1237 4834
1238 264
1239 5804
1240 7072
1241 1017
1242 1767
1243 907
1244 1709
1245 584
1246 4800
1247 6963
1248 2438
1249 7268
1250 1669
1251 1217
1252 2816
1253 7024
1254 6497
1255 774
1256 6519
1257 5724
1258 4663
1259 5964
1260 4146
1261 5168
1262 5135
1263 3133
1264 7047
1265 5490
1266 6774
1267 5915
1268 2148
1269 6760
1270 1343
1271 3988
1272 3376
1273 2373
1274 5955
1275 2299
1276 1402
1277 2815
1278 321
1279 2846
1280 2604
1281 4825
1282 815
1283 2528
1284 327
1285 3782
1286 1539
1287 563
1288 2346
1289 260
1290 1098
1291 5145
1292 7075
1293 1915
1294 2864
1295 4114
1296 6273
1297 5539
1298 4841
1299 3483
1300 811
1301 0
1302 4560
1303 166
1304 6243
1305 6789
1306 4510
1307 4112
1308 3420
1309 5954
1310 2845
1311 7272
1312 639
1313 6226
1314 3631
1315 3125
1316 1686
1317 4025
1318 5348
1319 3322
1320 4173
1321 1504
1322 5310
1323 2874
1324 7063
1325 6869
1326 3274
1327 2494
1328 4941
1329 2519
1330 4496
1331 4483
1332 4195
1333 7140
1334 3964
1335 2458
1336 6791
1337 5962
1338 982
1339 2007
1340 4492
1341 6421
1342 3441
1343 4890
1344 6655
1345 3468
1346 3983
1347 4796
1348 6637
1349 2448
1350 1201
1351 5655
1352 6658
1353 995
1354 5626
1355 4738
1356 1340
1357 5550
1358 6185
1359 1176
1360 4400
1361 5670
1362 5226
1363 2043
1364 4458
1365 477
1366 7191
1367 3370
1368 5677
1369 7023
1370 5375
1371 348
1372 5317
1373 1281
1374 3471
1375 3747
1376 3867
1377 789
1378 788
1379 3856
1380 2073
1381 4870
1382 5111
1383 3916
1384 2752
1385 4043
1386 4811
1387 4362
1388 4859
1389 4755
1390 6477
1391 6403
1392 3069
1393 6437
1394 2281
1395 3622
1396 395
1397 964
1398 1744
1399 6571
1400 2094
1401 6977
1402 487
1403 3903
1404 494
1405 4590
1406 3649
1407 2428
1408 5403
1409 3930
1410 4793
1411 5693
1412 1974
1413 6327
1414 5604
1415 5493
1416 2074
1417 4120
1418 5479
1419 1364
1420 4263
1421 4286
1422 2953
1423 458
1424 4155
1425 1309
1426 5556
1427 5025
1428 3749
1429 2566
1430 5026
1431 12
1432 6922
1433 2524
1434 2042
1435 3058
1436 3615
1437 5919
1438 4272
1439 3439
1440 3485
1441 5434
1442 2789
1443 121
1444 5093
1445 7179
1446 4113
1447 4393
1448 2223
1449 5782
1450 6430
1451 6126
1452 4792
1453 4887
1454 1085
1455 5852
1456 3607
1457 4051
1458 6167
1459 5551
1460 389
1461 5906
1462 6888
1463 3918
1464 2388
1465 3650
1466 2384
1467 3845
1468 1680
1469 6054
1470 3954
1471 3678
1472 4533
1473 6481
1474 6451
1475 902
1476 1601
1477 3963
1478 3383
1479 2840
1480 4535
1481 3801
1482 4946
1483 2248
1484 4360
1485 2037
1486 74
1487 3624
1488 6494
1489 2513
1490 1119
1491 2617
1492 7193
1493 1033
1494 1467
1495 4478
1496 4172
1497 2423
1498 3959
1499 2469
1500 1108
1501 5710
1502 7274
1503 6397
1504 1113
1505 3875
1506 7164
1507 6731
1508 2038
1509 6806
1510 88
1511 2821
1512 1177
1513 679
1514 6614
1515 54
1516 663
1517 714
1518 1819
1519 5225
1520 2289
1521 7064
1522 5659
1523 2242
1524 4387
1525 2761
1526 2210
1527 2420
1528 4984
1529 3711
1530 4797
1531 79
1532 5578
1533 5351
1534 5660
1535 6133
1536 4147
1537 7142
1538 50
1539 4879
1540 4895
1541 572
1542 1008
1543 3556
1544 1941
1545 5721
1546 1605
1547 16
1548 871
1549 5897
1550 4645
1551 4141
1552 4977
1553 504
1554 4817
1555 169
1556 636
1557 6158
1558 2193
1559 3362
1560 592
1561 894
1562 7258
1563 4587
1564 6399
1565 1253
1566 5742
1567 3977
1568 4279
1569 1658
1570 852
1571 3670
1572 2080
1573 1652
1574 4283
1575 7168
1576 6671
1577 336
1578 5214
1579 4683
1580 3021
1581 4656
1582 2432
1583 3200
1584 7099
1585 1710
1586 1949
1587 868
1588 4791
1589 1101
1590 1809
1591 105
1592 5752
1593 3153
1594 1184
1595 6406
1596 1358
1597 3467
1598 6885
1599 2828
1600 1284
1601 2686
1602 3957
1603 935
1604 3410
1605 2631
1606 1110
1607 4572
1608 4041
1609 4640
1610 464
1611 4225
1612 2191
1613 6431
1614 867
1615 4899
1616 619
1617 3911
1618 2824
1619 5796
1620 3908
1621 4652
1622 7244
1623 4122
1624 4093
1625 4372
1626 1057
1627 1766
1628 1038
1629 1717
1630 2533
1631 1109
1632 2010
1633 5458
1634 6951
1635 4463
1636 2850
1637 1959
1638 6740
1639 888
1640 4379
1641 5818
1642 4641
1643 6604
1644 5373
1645 2061
1646 1103
1647 7248
1648 254
1649 1748
1650 4699
1651 2602
1652 1594
1653 1991
1654 7172
1655 3298
1656 6159
1657 5928
1658 3778
1659 4206
1660 931
1661 826
1662 6223
1663 4648
1664 3654
1665 3932
1666 309
1667 2268
1668 2483
1669 2158
1670 3012
1671 1936
1672 2276
1673 1273
1674 1986
1675 2595
1676 6892
1677 3251
1678 591
1679 3761
1680 7014
1681 587
1682 2309
1683 6412
1684 6405
1685 3216
1686 1889
1687 94
1688 860
1689 3666
1690 2654
1691 5130
1692 660
1693 7144
1694 5859
1695 4254
1696 4322
1697 9
1698 6780
1699 4758
1700 6918
1701 5947
1702 2751
1703 2723
1704 4418
1705 4778
1706 167
1707 1202
1708 805
1709 4038
1710 512
1711 186
1712 7096
1713 62
1714 6755
1715 4578
1716 7201
1717 7005
1718 4200
1719 6216
1720 3509
1721 6242
1722 7251
1723 971
1724 1292
1725 4689
1726 3466
1727 2980
1728 4751
1729 3185
1730 7134
1731 5447
1732 6536
1733 6095
1734 5242
1735 1010
1736 5950
1737 6669
1738 3684
1739 1979
1740 7190
1741 4922
1742 1854
1743 6417
1744 7074
1745 1765
1746 4440
1747 2645
1748 1583
1749 6765
1750 2880
1751 1707
1752 1691
1753 1306
1754 5635
1755 670
1756 4389
1757 5140
1758 2957
1759 665
1760 2694
1761 5951
1762 3848
1763 1881
1764 5747
1765 7154
1766 216
1767 1145
1768 6506
1769 6337
1770 5147
1771 4753
1772 4961
1773 1665
1774 4757
1775 4969
1776 2512
1777 6689
1778 6728
1779 1054
1780 1811
1781 7107
1782 3208
1783 707
1784 5515
1785 869
1786 1013
1787 1983
1788 2473
1789 5911
1790 5161
1791 1681
1792 4516
1793 6813
1794 3440
1795 3667
1796 2678
1797 3018
1798 3896
1799 1934
1800 2813
1801 6654
1802 3176
1803 1557
1804 4202
1805 5675
1806 1599
1807 373
1808 2107
1809 6901
1810 2975
1811 82
1812 4212
1813 533
1814 2484
1815 5399
1816 4293
1817 5824
1818 4668
1819 5380
1820 1338
1821 5777
1822 2831
1823 1151
1824 878
1825 2119
1826 5889
1827 4520
1828 6702
1829 5252
1830 5920
1831 3108
1832 3385
1833 6210
1834 3736
1835 6329
1836 2673
1837 4084
1838 1460
1839 2215
1840 1086
1841 1962
1842 4218
1843 4344
1844 640
1845 4502
1846 6044
1847 2805
1848 3375
1849 7265
1850 2429
1851 1044
1852 4251
1853 2405
1854 985
1855 1647
1856 1442
1857 2195
1858 7170
1859 1183
1860 1847
1861 1192
1862 3858
1863 6169
1864 767
1865 3949
1866 2383
1867 2720
1868 5887
1869 313
1870 1046
1871 6129
1872 6764
1873 3788
1874 4467
1875 4446
1876 4479
1877 1144
1878 2287
1879 1346
1880 5498
1881 4840
1882 1827
1883 1528
1884 2308
1885 1096
1886 3080
1887 2015
1888 2460
1889 1725
1890 613
1891 4144
1892 1513
1893 6943
1894 2057
1895 731
1896 7061
1897 462
1898 5882
1899 411
1900 6989
1901 2352
1902 3669
1903 4397
1904 4443
1905 6961
1906 5505
1907 6721
1908 822
1909 347
1910 6558
1911 107
1912 5260
1913 4740
1914 1043
1915 6664
1916 7116
1917 1593
1918 847
1919 364
1920 6345
1921 1001
1922 1386
1923 3699
1924 1389
1925 6199
1926 6817
1927 1355
1928 5546
1929 6197
1930 4070
1931 3260
1932 1893
1933 6543
1934 322
1935 2930
1936 7256
1937 5390
1938 4597
1939 4326
1940 6795
1941 5714
1942 7279
1943 2965
1944 4687
1945 4688
1946 71
1947 5157
1948 5256
1949 5414
1950 5932
1951 2742
1952 6267
1953 1244
1954 708
1955 5459
1956 686
1957 5740
1958 6450
1959 6524
1960 3275
1961 3876
1962 1770
1963 4095
1964 3546
1965 438
1966 5975
1967 2
1968 1420
1969 6445
1970 2474
1971 5806
1972 4468
1973 1591
1974 2543
1975 5683
1976 4475
1977 6672
1978 1785
1979 6011
1980 201
1981 2915
1982 3627
1983 538
1984 3837
1985 4727
1986 859
1987 3000
1988 5376
1989 3755
1990 4399
1991 2649
1992 4785
1993 4207
1994 6190
1995 3947
1996 283
1997 904
1998 3743
1999 1408
2000 3767
2001 3641
2002 6299
2003 2780
2004 6557
2005 3075
2006 1155
2007 1196
2008 3479
2009 3488
2010 4432
2011 4950
2012 4336
2013 3038
2014 5702
2015 5408
2016 3312
2017 4529
2018 5361
2019 1561
2020 832
2021 4498
2022 6057
2023 3645
2024 2067
2025 3557
2026 3425
2027 3257
2028 3116
2029 7079
2030 1018
2031 5134
2032 3532
2033 529
2034 910
2035 7113
2036 3107
2037 6282
2038 1280
2039 7118
2040 3791
2041 3189
2042 628
2043 117
2044 5533
2045 5009
2046 6636
2047 1367
2048 3299
2049 2433
2050 69
2051 3456
2052 3990
2053 6365
2054 4743
2055 4953
2056 490
2057 4347
2058 6047
2059 2882
2060 5354
2061 1279
2062 6492
2063 3506
2064 6013
2065 4636
2066 3821
2067 3810
2068 4695
2069 3486
2070 4413
2071 1956
2072 2370
2073 1138
2074 1447
2075 4649
2076 2322
2077 2487
2078 3863
2079 2501
2080 1150
2081 3718
2082 4965
2083 6036
2084 3945
2085 3991
2086 6753
2087 6113
2088 3253
2089 528
2090 7126
2091 5645
2092 743
2093 6024
2094 241
2095 4724
2096 4830
2097 1363
2098 3324
2099 4354
2100 6801
2101 1002
2102 6598
2103 4040
2104 1903
2105 3522
2106 3104
2107 1153
2108 741
2109 6338
2110 4657
2111 6291
2112 2509
2113 4561
2114 6964
2115 7156
2116 407
2117 535
2118 4464
2119 1696
2120 3673
2121 7030
2122 4132
2123 1977
2124 5628
2125 6438
2126 7056
2127 6245
2128 6066
2129 484
2130 5420
2131 6757
2132 6913
2133 1127
2134 5589
2135 5521
2136 7214
2137 4209
2138 7129
2139 4562
2140 296
2141 4660
2142 3836
2143 2936
2144 6184
2145 5429
2146 5883
2147 2095
2148 2611
2149 300
2150 1440
2151 1164
2152 4220
2153 5631
2154 711
2155 5794
2156 1862
2157 4873
2158 4858
2159 4
2160 2621
2161 4618
2162 5807
2163 6474
2164 781
2165 6745
2166 1581
2167 1207
2168 6278
2169 432
2170 2843
2171 2393
2172 723
2173 3099
2174 2933
2175 5030
2176 1853
2177 6240
2178 4402
2179 3663
2180 3507
2181 63
2182 2475
2183 2994
2184 6376
2185 1270
2186 5117
2187 2465
2188 5184
2189 1798
2190 57
2191 3841
2192 6236
2193 3839
2194 6460
2195 882
2196 7103
2197 2480
2198 5644
2199 3975
2200 3286
2201 5457
2202 4604
2203 843
2204 4575
2205 6988
2206 5943
2207 1863
2208 2574
2209 1698
2210 3893
2211 578
2212 526
2213 3163
2214 3502
2215 518
2216 2990
2217 2921
2218 3263
2219 380
2220 3973
2221 6217
2222 862
2223 199
2224 3304
2225 3369
2226 420
2227 196
2228 4714
2229 3942
2230 6138
2231 3951
2232 6331
2233 6443
2234 6128
2235 1387
2236 3079
2237 621
2238 1056
2239 5173
2240 5705
2241 6082
2242 2188
2243 3965
2244 1028
2245 558
2246 2462
2247 6564
2248 1372
2249 4276
2250 4134
2251 4324
2252 2245
2253 65
2254 6479
2255 1636
2256 999
2257 4624
2258 1411
2259 6676
2260 5446
2261 513
2262 1416
2263 3473
2264 664
2265 3591
2266 3210
2267 4181
2268 1174
2269 3971
2270 4569
2271 2607
2272 4356
2273 2022
2274 1378
2275 2719
2276 6625
2277 6974
2278 3384
2279 757
2280 1617
2281 2989
2282 7045
2283 2295
2284 4426
2285 1633
2286 6937
2287 2386
2288 1353
2289 2961
2290 5077
2291 6495
2292 1082
2293 6826
2294 1278
2295 6925
2296 2626
2297 6929
2298 5304
2299 1209
2300 1519
2301 1491
2302 1100
2303 3831
2304 5576
2305 3472
2306 5997
2307 2262
2308 1632
2309 7218
2310 1598
2311 2735
2312 7196
2313 7269
2314 3579
2315 423
2316 6097
2317 4480
2318 6441
2319 2357
2320 356
2321 5602
2322 4404
2323 6619
2324 4391
2325 6297
2326 6362
2327 5797
2328 4116
2329 6916
2330 1548
2331 376
2332 5272
2333 3044
2334 3526
2335 796
2336 1910
2337 7163
2338 4760
2339 2441
2340 5759
2341 4926
2342 7138
2343 4998
2344 3768
2345 2286
2346 5982
2347 1218
2348 914
2349 2407
2350 5831
2351 6650
2352 1446
2353 1797
2354 3563
2355 5196
2356 2517
2357 2981
2358 5953
2359 560
2360 6202
2361 2811
2362 1551
2363 2482
2364 4424
2365 702
2366 1189
2367 1124
2368 1255
2369 2051
2370 3059
2371 2942
2372 5868
2373 2862
2374 3775
2375 4644
2376 6181
2377 3651
2378 3277
2379 4884
2380 5901
2381 6860
2382 3894
2383 3935
2384 884
2385 248
2386 6863
2387 4803
2388 4715
2389 3815
2390 2510
2391 705
2392 6653
2393 2471
2394 927
2395 3818
2396 7278
2397 5865
2398 3197
2399 5858
2400 6805
2401 315
2402 3428
2403 1857
2404 1993
2405 4321
2406 6693
2407 4666
2408 4739
2409 4023
2410 5396
2411 2748
2412 7010
2413 1888
2414 5564
2415 5477
2416 4637
2417 4310
2418 3553
2419 6263
2420 431
2421 6529
2422 428
2423 6652
2424 6978
2425 4783
2426 4469
2427 6730
2428 1286
2429 4745
2430 3334
2431 1933
2432 1574
2433 4187
2434 2114
2435 4008
2436 1282
2437 6209
2438 5595
2439 7094
2440 1805
2441 4022
2442 6856
2443 5083
2444 2424
2445 5780
2446 6872
2447 2778
2448 685
2449 7050
2450 5206
2451 6763
2452 3145
2453 6899
2454 7294
2455 4140
2456 125
2457 6021
2458 3011
2459 49
2460 6014
2461 7242
2462 6616
2463 569
2464 2932
2465 1752
2466 284
2467 2600
2468 531
2469 399
2470 6378
2471 1105
2472 6606
2473 1472
2474 1526
2475 2919
2476 3610
2477 6743
2478 5623
2479 5507
2480 3933
2481 142
2482 360
2483 7000
2484 31
2485 2351
2486 2116
2487 1803
2488 3339
2489 3201
2490 1585
2491 383
2492 7206
2493 2688
2494 2883
2495 5764
2496 1494
2497 6923
2498 5568
2499 1973
2500 4205
2501 2520
2502 2759
2503 4380
2504 4701
2505 6034
2506 1882
2507 842
2508 2135
2509 2059
2510 3149
2511 2117
2512 1213
2513 6811
2514 5606
2515 2772
2516 3321
2517 1130
2518 7009
2519 2356
2520 6360
2521 4103
2522 4055
2523 255
2524 5323
2525 6838
2526 5495
2527 3318
2528 1200
2529 3820
2530 6547
2531 340
2532 1087
2533 7016
2534 3367
2535 6662
2536 2744
2537 778
2538 5500
2539 795
2540 4707
2541 2437
2542 6846
2543 605
2544 2359
2545 3499
2546 3212
2547 5401
2548 5896
2549 2320
2550 3036
2551 1137
2552 579
2553 1955
2554 6440
2555 6847
2556 1225
2557 5600
2558 6188
2559 1860
2560 1481
2561 3784
2562 6265
2563 5761
2564 6225
2565 4985
2566 4673
2567 1031
2568 6227
2569 4065
2570 2647
2571 5699
2572 5172
2573 1430
2574 6815
2575 1782
2576 2415
2577 570
2578 3604
2579 5103
2580 5685
2581 967
2582 1266
2583 5105
2584 4325
2585 4818
2586 6845
2587 4449
2588 1445
2589 3379
2590 2106
2591 6005
2592 3523
2593 4716
2594 7052
2595 3314
2596 3536
2597 3859
2598 492
2599 2579
2600 4194
2601 4900
2602 2977
2603 6487
2604 5590
2605 2762
2606 2115
2607 536
2608 6137
2609 3414
2610 4623
2611 402
2612 928
2613 4589
2614 6052
2615 3317
2616 5502
2617 2935
2618 3857
2619 983
2620 3665
2621 5202
2622 5671
2623 1755
2624 6971
2625 4685
2626 3766
2627 6517
2628 3807
2629 2715
2630 1870
2631 3319
2632 61
2633 5864
2634 4230
2635 2605
2636 3003
2637 5588
2638 4385
2639 782
2640 4128
2641 5963
2642 3043
2643 4513
2644 4296
2645 856
2646 4252
2647 583
2648 5129
2649 6313
2650 249
2651 3350
2652 6947
2653 3790
2654 1091
2655 6544
2656 5745
2657 1468
2658 2983
2659 1998
2660 3315
2661 3703
2662 1268
2663 946
2664 5463
2665 2228
2666 5302
2667 4066
2668 2218
2669 7157
2670 4908
2671 2390
2672 1328
2673 1694
2674 3353
2675 1623
2676 5924
2677 4628
2678 4303
2679 1019
2680 1428
2681 1684
2682 4787
2683 3962
2684 1330
2685 4456
2686 7146
2687 2978
2688 2100
2689 388
2690 1322
2691 763
2692 6622
2693 1339
2694 4435
2695 1463
2696 1169
2697 5828
2698 4285
2699 4320
2700 3759
2701 4409
2702 5801
2703 4501
2704 6171
2705 3417
2706 6292
2707 6341
2708 6629
2709 2937
2710 1573
2711 5162
2712 5204
2713 5096
2714 1303
2715 5188
2716 2168
2717 4090
2718 2350
2719 4497
2720 1837
2721 3436
2722 4591
2723 7036
2724 6424
2725 791
2726 1556
2727 59
2728 5243
2729 4138
2730 3461
2731 6832
2732 576
2733 3426
2734 3167
2735 2893
2736 2887
2737 2101
2738 2404
2739 5573
2740 2885
2741 831
2742 540
2743 3256
2744 2535
2745 7176
2746 2208
2747 3943
2748 537
2749 2336
2750 2651
2751 6620
2752 3884
2753 2167
2754 969
2755 2156
2756 7288
2757 4099
2758 2347
2759 4314
2760 988
2761 4614
2762 7054
2763 2628
2764 4896
2765 455
2766 6862
2767 6781
2768 503
2769 1414
2770 3530
2771 1670
2772 5392
2773 3283
2774 1297
2775 5223
2776 6897
2777 2716
2778 6232
2779 2034
2780 3644
2781 1689
2782 5178
2783 7273
2784 5253
2785 2374
2786 825
2787 81
2788 1891
2789 4042
2790 4107
2791 7068
2792 4860
2793 2542
2794 4654
2795 6852
2796 1170
2797 1868
2798 6277
2799 5765
2800 1111
2801 5312
2802 2691
2803 2907
2804 1714
2805 3434
2806 1547
2807 1901
2808 6002
2809 4323
2810 64
2811 3659
2812 7194
2813 5405
2814 1453
2815 2774
2816 1625
2817 6162
2818 887
2819 3574
2820 4156
2821 398
2822 1260
2823 5064
2824 3542
2825 4460
2826 1415
2827 680
2828 542
2829 392
2830 5087
2831 2760
2832 433
2833 3027
2834 5867
2835 715
2836 3721
2837 5449
2838 1457
2839 6638
2840 3713
2841 2718
2842 2841
2843 5632
2844 5988
2845 912
2846 6510
2847 4592
2848 3675
2849 7124
2850 1076
2851 6398
2852 6737
2853 2444
2854 5099
2855 3244
2856 281
2857 6972
2858 2291
2859 5869
2860 6952
2861 2564
2862 4185
2863 1747
2864 3462
2865 786
2866 3195
2867 4327
2868 629
2869 5374
2870 4119
2871 4705
2872 4770
2873 2588
2874 4559
2875 3090
2876 1398
2877 2966
2878 1639
2879 6502
2880 1376
2881 4076
2882 6442
2883 4934
2884 1866
2885 3559
2886 6246
2887 1029
2888 4026
2889 1298
2890 2944
2891 4566
2892 6873
2893 6503
2894 3628
2895 2030
2896 2185
2897 908
2898 2835
2899 3548
2900 4639
2901 4862
2902 135
2903 6471
2904 6726
2905 1546
2906 6890
2907 858
2908 6687
2909 2969
2910 5708
2911 2212
2912 7267
2913 1538
2914 2229
2915 4786
2916 5364
2917 4864
2918 1613
2919 2660
2920 2375
2921 833
2922 6891
2923 5944
2924 1572
2925 1320
2926 6260
2927 4281
2928 5627
2929 3730
2930 3804
2931 6107
2932 2807
2933 56
2934 6822
2935 4329
2936 7153
2937 2515
2938 7263
2939 5909
2940 3407
2941 2775
2942 1840
2943 3564
2944 75
2945 6058
2946 1347
2947 2806
2948 6530
2949 377
2950 2305
2951 5691
2952 4526
2953 2271
2954 939
2955 2396
2956 5293
2957 2004
2958 3527
2959 6290
2960 4911
2961 4530
2962 4330
2963 5811
2964 2596
2965 753
2966 3704
2967 807
2968 4441
2969 2385
2970 4505
2971 6538
2972 3014
2973 1688
2974 546
2975 2118
2976 7
2977 874
2978 6656
2979 3372
2980 5288
2981 4706
2982 7025
2983 6607
2984 3772
2985 4078
2986 208
2987 3734
2988 5813
2989 7252
2990 5545
2991 5985
2992 3247
2993 5930
2994 2906
2995 7299
2996 5809
2997 6006
2998 1895
2999 1032
3000 2451
3001 590
3002 7062
3003 1073
3004 3347
3005 6748
3006 6028
3007 3405
3008 2088
3009 5716
3010 2019
3011 155
3012 1917
3013 4174
3014 2836
3015 162
3016 4966
3017 6307
3018 4588
3019 5611
3020 5300
3021 1069
3022 244
3023 3056
3024 6328
3025 1640
3026 6705
3027 6668
3028 3053
3029 726
3030 5878
3031 5974
3032 6070
3033 6956
3034 270
3035 6366
3036 2260
3037 4765
3038 5842
3039 4287
3040 6859
3041 5775
3042 4868
3043 3715
3044 6983
3045 3143
3046 7167
3047 2363
3048 3905
3049 3325
3050 1781
3051 6572
3052 1615
3053 6894
3054 2269
3055 2589
3056 5973
3057 7275
3058 2956
3059 1778
3060 6076
3061 6287
3062 2159
3063 4305
3064 2331
3065 1679
3066 2417
3067 6618
3068 5712
3069 2220
3070 6612
3071 6840
3072 279
3073 3127
3074 1518
3075 449
3076 2154
3077 5579
3078 3121
3079 3066
3080 1927
3081 2440
3082 5847
3083 1074
3084 4036
3085 674
3086 400
3087 3265
3088 4662
3089 7250
3090 3311
3091 1886
3092 314
3093 2206
3094 5378
3095 2495
3096 6377
3097 3571
3098 4548
3099 1842
3100 798
3101 4881
3102 6776
3103 2169
3104 2300
3105 5362
3106 1662
3107 292
3108 5524
3109 4539
3110 2947
3111 2522
3112 5669
3113 5060
3114 5514
3115 5120
3116 5703
3117 2851
3118 2288
3119 2922
3120 3525
3121 5176
3122 6266
3123 4151
3124 4201
3125 2991
3126 1059
3127 1661
3128 593
3129 980
3130 1025
3131 3786
3132 359
3133 1133
3134 4585
3135 4160
3136 3980
3137 747
3138 3026
3139 5840
3140 6285
3141 2264
3142 2739
3143 3780
3144 4239
3145 302
3146 5216
3147 2629
3148 3741
3149 7207
3150 3171
3151 4995
3152 5257
3153 5013
3154 5898
3155 6535
3156 1066
3157 5319
3158 171
3159 4332
3160 1122
3161 4522
3162 1590
3163 4333
3164 3297
3165 974
3166 5339
3167 6239
3168 2060
3169 3661
3170 4126
3171 1319
3172 1248
3173 5793
3174 28
3175 4178
3176 1890
3177 3096
3178 5146
3179 2554
3180 5341
3181 5686
3182 3287
3183 2896
3184 452
3185 2086
3186 3285
3187 1006
3188 6905
3189 5218
3190 480
3191 4801
3192 6394
3193 3570
3194 3660
3195 6274
3196 2754
3197 1336
3198 861
3199 4927
3200 5870
3201 975
3202 1226
3203 4012
3204 3329
3205 7065
3206 6415
3207 2411
3208 2679
3209 2995
3210 4459
3211 2199
3212 1382
3213 1314
3214 6692
3215 2063
3216 3904
3217 7091
3218 295
3219 3978
3220 7271
3221 1586
3222 1649
3223 4653
3224 3123
3225 4183
3226 3364
3227 1849
3228 2608
3229 3062
3230 1158
3231 719
3232 7147
3233 6067
3234 6045
3235 6803
3236 556
3237 2192
3238 3443
3239 6322
3240 5321
3241 5255
3242 1356
3243 2599
3244 4557
3245 1507
3246 1421
3247 6772
3248 1571
3249 6294
3250 319
3251 1753
3252 6198
3253 2382
3254 1307
3255 2499
3256 5936
3257 1828
3258 812
3259 1229
3260 6734
3261 7219
3262 865
3263 1361
3264 3913
3265 5922
3266 5620
3267 4962
3268 394
3269 6583
3270 3157
3271 5649
3272 1485
3273 6065
3274 5815
3275 3248
3276 1342
3277 3469
3278 6982
3279 1465
3280 1944
3281 866
3282 1814
3283 3681
3284 5016
3285 4371
3286 6061
3287 1925
3288 4453
3289 6465
3290 6038
3291 2162
3292 4733
3293 109
3294 5532
3295 6837
3296 3081
3297 958
3298 53
3299 4024
3300 3239
3301 46
3302 2098
3303 3602
3304 6072
3305 5647
3306 1666
3307 6446
3308 2307
3309 1262
3310 3796
3311 3996
3312 5039
3313 3950
3314 439
3315 153
3316 2235
3317 3731
3318 4861
3319 4521
3320 5621
3321 956
3322 2324
3323 2452
3324 1160
3325 3625
3326 5751
3327 7180
3328 60
3329 2665
3330 2096
3331 3309
3332 5381
3333 130
3334 2865
3335 363
3336 4056
3337 3148
3338 1789
3339 5439
3340 4493
3341 6523
3342 239
3343 4337
3344 1344
3345 6146
3346 6275
3347 2413
3348 4477
3349 1104
3350 514
3351 7003
3352 4032
3353 288
3354 6783
3355 1289
3356 5357
3357 612
3358 6661
3359 7149
3360 3423
3361 7102
3362 2024
3363 6601
3364 4020
3365 4255
3366 7169
3367 4297
3368 7195
3369 5268
3370 7133
3371 1822
3372 6762
3373 3431
3374 2302
3375 948
3376 6478
3377 2916
3378 6698
3379 3219
3380 3435
3381 5287
3382 2951
3383 1739
3384 5194
3385 5421
3386 3305
3387 5164
3388 5826
3389 2888
3390 1305
3391 6887
3392 2914
3393 2258
3394 5227
3395 6018
3396 4465
3397 2142
3398 4554
3399 29
3400 100
3401 3706
3402 6075
3403 6384
3404 1070
3405 2801
3406 1845
3407 6467
3408 2745
3409 1567
3410 5746
3411 6996
3412 1441
3413 1961
3414 5905
3415 1971
3416 1584
3417 5021
3418 3803
3419 4097
3420 3702
3421 6697
3422 4872
3423 5527
3424 806
3425 7283
3426 1559
3427 1663
3428 5450
3429 724
3430 5091
3431 4445
3432 1951
3433 4217
3434 1530
3435 6675
3436 1677
3437 516
3438 4809
3439 1878
3440 1088
3441 2544
3442 2003
3443 2570
3444 3995
3445 7139
3446 4702
3447 2538
3448 5851
3449 1388
3450 2442
3451 6416
3452 4824
3453 6355
3454 4762
3455 6784
3456 3585
3457 7253
3458 2304
3459 3086
3460 5328
3461 465
3462 555
3463 4433
3464 4918
3465 5983
3466 1794
3467 5718
3468 6476
3469 3211
3470 3144
3471 5160
3472 4664
3473 1999
3474 3249
3475 1242
3476 2089
3477 1412
3478 6148
3479 6383
3480 3307
3481 1120
3482 6298
3483 2591
3484 5001
3485 1233
3486 3458
3487 3890
3488 4594
3489 7282
3490 3270
3491 2219
3492 5365
3493 2479
3494 3100
3495 5790
3496 1826
3497 6091
3498 1542
3499 3203
3500 6549
3501 5061
3502 3465
3503 7245
3504 1618
3505 3498
3506 6707
3507 4869
3508 2908
3509 6681
3510 4420
3511 6141
3512 6682
3513 3481
3514 4416
3515 6631
3516 1817
3517 1609
3518 5345
3519 2684
3520 924
3521 405
3522 5654
3523 5651
3524 5946
3525 4083
3526 7037
3527 1700
3528 6381
3529 4626
3530 6797
3531 6470
3532 3814
3533 3091
3534 2032
3535 4957
3536 2696
3537 2683
3538 6575
3539 1181
3540 2653
3541 5108
3542 4027
3543 1293
3544 3587
3545 2584
3546 3438
3547 3007
3548 3725
3549 2820
3550 768
3551 5389
3552 1568
3553 4135
3554 4075
3555 1397
3556 1642
3557 4085
3558 2186
3559 1118
3560 1705
3561 7215
3562 3031
3563 4866
3564 3198
3565 2648
3566 5023
3567 2740
3568 5148
3569 6373
3570 6206
3571 4317
3572 4525
3573 3687
3574 527
3575 2068
3576 3717
3577 2918
3578 4804
3579 4318
3580 1107
3581 154
3582 5397
3583 3072
3584 4880
3585 2125
3586 5935
3587 2202
3588 4280
3589 4058
3590 773
3591 3442
3592 4831
3593 1350
3594 3457
3595 1304
3596 355
3597 7019
3598 286
3599 4698
3600 3728
3601 1722
3602 2343
3603 415
3604 6454
3605 4746
3606 1906
3607 5580
3608 511
3609 3543
3610 5311
3611 5713
3612 1079
3613 2920
3614 1147
3615 765
3616 4275
3617 2445
3618 3967
3619 930
3620 5167
3621 5240
3622 3194
3623 6229
3624 3406
3625 7292
3626 1380
3627 775
3628 6552
3629 39
3630 5274
3631 2104
3632 7004
3633 2502
3634 5971
3635 823
3636 7155
3637 1061
3638 2211
3639 3360
3640 4615
3641 4970
3642 1285
3643 3452
3644 7233
3645 6388
3646 3393
3647 2040
3648 6139
3649 916
3650 2924
3651 756
3652 4366
3653 2972
3654 3566
3655 1762
3656 4518
3657 4473
3658 4219
3659 896
3660 3365
3661 6224
3662 6651
3663 4568
3664 6520
3665 507
3666 1873
3667 3508
3668 3998
3669 48
3670 4452
3671 2446
3672 3494
3673 77
3674 1060
3675 6351
3676 6574
3677 854
3678 368
3679 5097
3680 4161
3681 3882
3682 577
3683 4017
3684 5075
3685 3577
3686 2733
3687 2738
3688 1916
3689 2941
3690 1198
3691 5748
3692 7101
3693 460
3694 207
3695 116
3696 18
3697 6511
3698 5648
3699 2468
3700 2632
3701 850
3702 6219
3703 2634
3704 2031
3705 7033
3706 1215
3707 1835
3708 6488
3709 5560
3710 3802
3711 5485
3712 7220
3713 3291
3714 1235
3715 3648
3716 3613
3717 5185
3718 6084
3719 2435
3720 1554
3721 99
3722 5907
3723 3110
3724 5116
3725 483
3726 751
3727 6949
3728 7286
3729 1321
3730 2721
3731 3753
3732 1938
3733 7106
3734 2770
3735 3844
3736 6632
3737 6143
3738 2682
3739 2456
3740 6321
3741 5277
3742 5912
3743 5771
3744 2321
3745 7060
3746 1989
3747 801
3748 5795
3749 3178
3750 4414
3751 3151
3752 5608
3753 6773
3754 5599
3755 1495
3756 1295
3757 3829
3758 4978
3759 6222
3760 3166
3761 435
3762 6083
3763 6556
3764 421
3765 1565
3766 4182
3767 2207
3768 1352
3769 6521
3770 4168
3771 4798
3772 5903
3773 2267
3774 2765
3775 4028
3776 10
3777 3676
3778 7173
3779 4545
3780 3674
3781 4365
3782 2187
3783 5694
3784 1768
3785 2175
3786 4234
3787 6828
3788 1333
3789 397
3790 4004
3791 3902
3792 810
3793 2986
3794 2726
3795 410
3796 73
3797 689
3798 4233
3799 1761
3800 2988
3801 5614
3802 5512
3803 2314
3804 3683
3805 5904
3806 6396
3807 5633
3808 2597
3809 6512
3810 565
3811 3871
3812 3580
3813 5977
3814 3250
3815 441
3816 2041
3817 2790
3818 4277
3819 3941
3820 7053
3821 7159
3822 4415
3823 1818
3824 883
3825 4638
3826 3887
3827 635
3828 3078
3829 917
3830 4489
3831 2764
3832 5658
3833 1738
3834 5730
3835 15
3836 1093
3837 337
3838 2926
3839 5
3840 1092
3841 4584
3842 6428
3843 102
3844 1168
3845 1914
3846 90
3847 1621
3848 839
3849 4361
3850 3135
3851 6580
3852 3024
3853 1377
3854 6712
3855 5750
3856 5308
3857 2558
3858 620
3859 1232
3860 187
3861 1252
3862 6876
3863 6491
3864 4991
3865 1861
3866 5597
3867 5737
3868 108
3869 5221
3870 474
3871 3047
3872 2112
3873 212
3874 4421
3875 656
3876 4693
3877 4054
3878 1659
3879 2054
3880 2753
3881 4300
3882 4790
3883 5769
3884 3550
3885 6235
3886 5284
3887 6
3888 1923
3889 5572
3890 1864
3891 2771
3892 1065
3893 3129
3894 1909
3895 6525
3896 5668
3897 875
3898 1877
3899 4482
3900 5474
3901 506
3902 213
3903 4756
3904 4852
3905 7277
3906 6699
3907 6945
3908 5153
3909 491
3910 5445
3911 4158
3912 3538
3913 5229
3914 792
3915 6122
3916 4650
3917 1534
3918 5305
3919 870
3920 2777
3921 478
3922 1957
3923 4855
3924 174
3925 6427
3926 3453
3927 934
3928 6279
3929 5709
3930 357
3931 3656
3932 1791
3933 900
3934 72
3935 6195
3936 1178
3937 5933
3938 2822
3939 23
3940 4246
3941 3382
3942 2868
3943 5110
3944 204
3945 4211
3946 6926
3947 6714
3948 5355
3949 5332
3950 568
3951 6086
3952 5062
3953 4229
3954 5886
3955 1630
3956 3183
3957 2826
3958 4821
3959 571
3960 2985
3961 5313
3962 4963
3963 3608
3964 3340
3965 4270
3966 6295
3967 2857
3968 4476
3969 1737
3970 3155
3971 6955
3972 5095
3973 3359
3974 6391
3975 5913
3976 2743
3977 1650
3978 6473
3979 654
3980 3874
3981 5079
3982 5741
3983 5303
3984 367
3985 596
3986 1718
3987 1946
3988 712
3989 5101
3990 6078
3991 6592
3992 7070
3993 522
3994 2849
3995 120
3996 4720
3997 147
3998 4403
3999 6483
4000 5969
4001 601
4002 5991
4003 6874
4004 727
4005 2450
4006 4102
4007 5666
4008 1812
4009 2339
4010 6936
4011 4249
4012 6288
4013 2478
4014 4231
4015 1741
4016 2174
4017 955
4018 6087
4019 2729
4020 3120
4021 6186
4022 4273
4023 5468
4024 2557
4025 1579
4026 1987
4027 5629
4028 6304
4029 1786
4030 2786
4031 1555
4032 625
4033 6152
4034 1836
4035 4671
4036 4945
4037 6151
4038 7209
4039 5766
4040 5625
4041 1600
4042 6134
4043 1596
4044 4241
4045 4250
4046 1900
4047 7001
4048 5749
4049 6173
4050 5142
4051 1821
4052 2809
4053 4123
4054 749
4055 6835
4056 5567
4057 524
4058 4506
4059 4612
4060 5368
4061 1114
4062 4222
4063 4773
4064 561
4065 4434
4066 2434
4067 5115
4068 4266
4069 5833
4070 2959
4071 2422
4072 3186
4073 3914
4074 3832
4075 2406
4076 1327
4077 1022
4078 1726
4079 4060
4080 4096
4081 1674
4082 1904
4083 3327
4084 6944
4085 5410
4086 6407
4087 3242
4088 489
4089 6508
4090 5388
4091 1631
4092 1077
4093 6311
4094 4162
4095 3685
4096 838
4097 4425
4098 2157
4099 3112
4100 2160
4101 2065
4102 5616
4103 913
4104 4351
4105 688
4106 921
4107 1511
4108 7042
4109 2830
4110 1224
4111 1648
4112 7093
4113 1443
4114 2367
4115 6390
4116 3860
4117 573
4118 4619
4119 1243
4120 1211
4121 2641
4122 189
4123 2155
4124 2817
4125 1290
4126 422
4127 3655
4128 115
4129 6778
4130 6310
4131 6788
4132 3087
4133 4777
4134 3948
4135 370
4136 6368
4137 475
4138 5106
4139 346
4140 3886
4141 1081
4142 3598
4143 258
4144 5899
4145 5726
4146 5862
4147 485
4148 5089
4149 3095
4150 1135
4151 3310
4152 748
4153 5289
4154 929
4155 4282
4156 2800
4157 3529
4158 5472
4159 6063
4160 2705
4161 1968
4162 1354
4163 2873
4164 3677
4165 1090
4166 4071
4167 6342
4168 6561
4169 3284
4170 4857
4171 4386
4172 1499
4173 2658
4174 6205
4175 6853
4176 5192
4177 1815
4178 959
4179 6623
4180 2769
4181 3714
4182 6012
4183 6732
4184 6810
4185 672
4186 2909
4187 4261
4188 7246
4189 6531
4190 70
4191 2904
4192 4381
4193 2326
4194 1907
4195 7104
4196 646
4197 6093
4198 5776
4199 575
4200 5687
4201 7301
4202 3671
4203 2416
4204 6857
4205 2750
4206 645
4207 4700
4208 2472
4209 1294
4210 2201
4211 2047
4212 1884
4213 3228
4214 4878
4215 3084
4216 3055
4217 544
4218 1238
4219 5475
4220 1166
4221 6049
4222 3119
4223 1950
4224 2698
4225 497
4226 4001
4227 5733
4228 2297
4229 3445
4230 6796
4231 365
4232 6673
4233 381
4234 195
4235 4967
4236 5760
4237 1622
4238 1072
4239 5014
4240 6501
4241 262
4242 4259
4243 5758
4244 6174
4245 4307
4246 3097
4247 2860
4248 3231
4249 4487
4250 1943
4251 634
4252 4632
4253 644
4254 1964
4255 5324
4256 4292
4257 6163
4258 4846
4259 6834
4260 1502
4261 6723
4262 984
4263 89
4264 7128
4265 2784
4266 3861
4267 6539
4268 306
4269 1801
4270 4204
4271 6779
4272 5698
4273 3191
4274 2166
4275 2671
4276 6142
4277 1131
4278 127
4279 7262
4280 4030
4281 7011
4282 6586
4283 2839
4284 5261
4285 611
4286 3868
4287 122
4288 4835
4289 5340
4290 2514
4291 3446
4292 4555
4293 5763
4294 519
4295 3623
4296 2848
4297 2746
4298 6201
4299 3646
4300 892
4301 5753
4302 1052
4303 7038
4304 4243
4305 3763
4306 1899
4307 2531
4308 6463
4309 6088
4310 4704
4311 126
4312 5186
4313 1638
4314 844
4315 4481
4316 582
4317 93
4318 6055
4319 551
4320 1263
4321 5939
4322 5037
4323 3869
4324 2797
4325 2788
4326 1075
4327 4169
4328 7105
4329 2577
4330 4905
4331 158
4332 2833
4333 5462
4334 7287
4335 6679
4336 5465
4337 1413
4338 317
4339 3551
4340 3847
4341 3455
4342 7152
4343 5511
4344 3484
4345 5940
4346 5784
4347 1257
4348 2787
4349 6261
4350 6422
4351 2453
4352 3045
4353 6804
4354 287
4355 3926
4356 6116
4357 7270
4358 7236
4359 2046
4360 1685
4361 3301
4362 1374
4363 4484
4364 4009
4365 4948
4366 942
4367 3897
4368 4795
4369 2203
4370 2620
4371 5674
4372 5548
4373 4546
4374 4627
4375 1939
4376 6256
4377 2488
4378 3520
4379 2663
4380 6306
4381 1529
4382 1466
4383 3008
4384 3173
4385 2181
4386 6074
4387 2894
4388 2470
4389 3927
4390 4306
4391 2639
4392 1185
4393 2184
4394 6354
4395 6289
4396 4338
4397 7210
4398 2078
4399 3816
4400 6081
4401 2640
4402 6665
4403 3336
4404 5849
4405 3952
4406 6389
4407 6271
4408 6317
4409 2948
4410 3758
4411 6068
4412 6663
4413 4968
4414 1399
4415 5517
4416 3514
4417 925
4418 5553
4419 209
4420 5017
4421 5819
4422 1112
4423 3830
4424 5264
4425 1049
4426 1537
4427 2103
4428 3491
4429 1296
4430 2282
4431 5228
4432 2503
4433 2939
4434 1470
4435 7239
4436 2783
4437 5428
4438 4133
4439 3872
4440 4374
4441 5855
4442 7006
4443 5979
4444 947
4445 184
4446 6615
4447 5067
4448 4236
4449 1477
4450 6746
4451 4142
4452 6349
4453 4744
4454 1071
4455 4729
4456 3921
4457 5881
4458 3070
4459 6841
4460 3783
4461 6635
4462 1672
4463 505
4464 5791
4465 5190
4466 3827
4467 2221
4468 6268
4469 5444
4470 4952
4471 1552
4472 6364
4473 6942
4474 5035
4475 5431
4476 5048
4477 1784
4478 618
4479 1276
4480 4470
4481 2410
4482 318
4483 725
4484 6386
4485 7077
4486 2677
4487 746
4488 4932
4489 6758
4490 7231
4491 5610
4492 5717
4493 188
4494 467
4495 1351
4496 2847
4497 6854
4498 358
4499 4014
4500 5871
4501 4289
4502 5715
4503 687
4504 1391
4505 1143
4506 1206
4507 4223
4508 5195
4509 5363
4510 5535
4511 609
4512 6759
4513 1348
4514 3326
4515 5285
4516 1246
4517 4139
4518 4976
4519 6264
4520 3102
4521 502
4522 7059
4523 1996
4524 4598
4525 234
4526 2582
4527 5827
4528 7247
4529 1152
4530 3817
4531 2791
4532 1461
4533 5081
4534 1431
4535 4345
4536 1844
4537 5960
4538 1034
4539 5000
4540 4642
4541 6092
4542 3032
4543 341
4544 3590
4545 6691
4546 1796
4547 1749
4548 4461
4549 3505
4550 6823
4551 6898
4552 5657
4553 1932
4554 1021
4555 5011
4556 6356
4557 2737
4558 6701
4559 3906
4560 6842
4561 6706
4562 5598
4563 2124
4564 1588
4565 5326
4566 7158
4567 2676
4568 3707
4569 1646
4570 2690
4571 5395
4572 3901
4573 6546
4574 3976
4575 5174
4576 2364
4577 2757
4578 1432
4579 4176
4580 2362
4581 4390
4582 6272
4583 4474
4584 2275
4585 6033
4586 436
4587 3793
4588 2619
4589 86
4590 282
4591 2537
4592 6262
4593 2035
4594 5032
4595 4958
4596 4290
4597 5582
4598 1524
4599 909
4600 265
4601 4514
4602 5247
4603 1754
4604 3313
4605 1673
4606 6975
4607 637
4608 2083
4609 3812
4610 335
4611 3922
4612 291
4613 6553
4614 2259
4615 6178
4616 5088
4617 960
4618 4091
4619 2609
4620 5810
4621 2905
4622 1517
4623 3150
4624 4828
4625 3854
4626 5456
4627 3987
4628 4262
4629 701
4630 2081
4631 6114
4632 2928
4633 7202
4634 6585
4635 324
4636 2549
4637 2381
4638 6576
4639 2598
4640 3241
4641 5126
4642 6166
4643 3501
4644 3355
4645 2165
4646 4423
4647 1418
4648 3849
4649 4747
4650 3199
4651 2459
4652 2079
4653 2290
4654 5044
4655 1089
4656 3934
4657 4711
4658 3020
4659 3387
4660 7257
4661 38
4662 5003
4663 7254
4664 2180
4665 5052
4666 5605
4667 4268
4668 1489
4669 1385
4670 2053
4671 5549
4672 298
4673 7161
4674 3724
4675 3266
4676 2877
4677 4315
4678 3909
4679 4886
4680 5201
4681 1984
4682 1490
4683 7049
4684 2323
4685 1227
4686 1831
4687 2257
4688 3418
4689 2425
4690 5292
4691 3054
4692 4813
4693 4719
4694 1452
4695 3132
4696 4942
4697 2929
4698 5688
4699 6466
4700 1125
4701 5636
4702 965
4703 722
4704 473
4705 1451
4706 2149
4707 4098
4708 5872
4709 1902
4710 4450
4711 3278
4712 3517
4713 3691
4714 1975
4715 1897
4716 1563
4717 5481
4718 5848
4719 6567
4720 1671
4721 6911
4722 3308
4723 451
4724 6735
4725 6410
4726 4228
4727 3388
4728 1026
4729 6696
4730 5519
4731 3205
4732 3757
4733 4508
4734 3288
4735 1496
4736 794
4737 5609
4738 6878
4739 6456
4740 638
4741 4827
4742 5937
4743 3323
4744 2392
4745 1193
4746 4035
4747 5575
4748 1167
4749 3589
4750 1654
4751 7084
4752 2583
4753 6106
4754 1740
4755 6154
4756 4643
4757 469
4758 2408
4759 5051
4760 2272
4761 3048
4762 1063
4763 3071
4764 5689
4765 2504
4766 5566
4767 652
4768 5476
4769 4157
4770 6683
4771 7183
4772 4517
4773 4208
4774 4634
4775 6660
4776 3236
4777 1510
4778 3770
4779 5074
4780 3352
4781 755
4782 225
4783 6610
4784 2431
4785 2963
4786 2330
4787 6218
4788 6959
4789 5346
4790 6559
4791 3518
4792 2585
4793 1405
4794 6211
4795 1165
4796 7028
4797 4681
4798 6800
4799 1449
4800 1522
4801 5047
4802 817
4803 626
4804 3160
4805 5565
4806 2667
4807 414
4808 5203
4809 2987
4810 6231
4811 2612
4812 3017
4813 2717
4814 6933
4815 5259
4816 17
4817 2337
4818 5309
4819 4392
4820 754
4821 6976
4822 3354
4823 3077
4824 829
4825 766
4826 2247
4827 5684
4828 4094
4829 3600
4830 2376
4831 710
4832 3722
4833 6357
4834 2443
4835 1312
4836 2500
4837 230
4838 2730
4839 36
4840 4596
4841 6649
4842 1516
4843 2463
4844 3808
4845 4842
4846 4364
4847 545
4848 3994
4849 6160
4850 6189
4851 2540
4852 920
4853 1846
4854 814
4855 4616
4856 1379
4857 607
4858 2048
4859 877
4860 6468
4861 2912
4862 1703
4863 2711
4864 6719
4865 404
4866 5893
4867 5728
4868 2239
4869 276
4870 3413
4871 4471
4872 5170
4873 2284
4874 5640
4875 2960
4876 2033
4877 3787
4878 6563
4879 4010
4880 4503
4881 6935
4882 124
4883 7109
4884 649
4885 666
4886 1958
4887 6751
4888 6432
4889 4175
4890 1602
4891 3234
4892 4357
4893 2782
4894 4382
4895 6449
4896 1475
4897 6738
4898 1458
4899 1708
4900 697
4901 2182
4902 5231
4903 325
4904 6594
4905 3397
4906 5199
4907 5841
4908 2844
4909 1531
4910 6742
4911 996
4912 2581
4913 797
4914 7125
4915 1850
4916 3953
4917 2724
4918 95
4919 5812
4920 3122
4921 6177
4922 5562
4923 486
4924 1834
4925 5430
4926 1541
4927 3344
4928 6335
4929 1515
4930 7002
4931 4538
4932 4851
4933 5646
4934 1163
4935 6016
4936 3073
4937 836
4938 2497
4939 2917
4940 3398
4941 4466
4942 3389
4943 3680
4944 5169
4945 3034
4946 6659
4947 6504
4948 6418
4949 4401
4950 977
4951 303
4952 4779
4953 1012
4954 2623
4955 4571
4956 5334
4957 5301
4958 2710
4959 800
4960 2706
4961 425
4962 1454
4963 6767
4964 3175
4965 5151
4966 5678
4967 1965
4968 4512
4969 3
4970 129
4971 5949
4972 1763
4973 6621
4974 1053
4975 5846
4976 3834
4977 1393
4978 1978
4979 1
4980 3131
4981 350
4982 627
4983 3513
4984 4732
4985 5968
4986 1083
4987 4316
4988 6207
4989 5187
4990 1187
4991 21
4992 6079
4993 1156
4994 6528
4995 736
4996 3098
4997 25
4998 4499
4999 7284
5000 2062
5001 6000
5002 5513
5003 6048
5004 2449
5005 2069
5006 5212
5007 889
5008 6858
5009 2412
5010 2934
5011 4045
5012 7097
5013 4359
5014 4238
5015 4876
5016 1154
5017 2340
5018 5520
5019 3267
5020 7187
5021 3174
5022 849
5023 3276
5024 7098
5025 6962
5026 223
5027 5370
5028 2601
5029 3221
5030 4810
5031 549
5032 772
5033 1035
5034 4437
5035 193
5036 7200
5037 1721
5038 777
5039 1692
5040 6374
5041 704
5042 6191
5043 1657
5044 371
5045 4551
5046 6435
5047 6864
5048 6411
5049 762
5050 7092
5051 3337
5052 5895
5053 3030
5054 600
5055 3252
5056 4034
5057 3668
5058 3380
5059 695
5060 6010
5061 119
5062 151
5063 3545
5064 4730
5065 5183
5066 678
5067 1760
5068 3206
5069 2793
5070 5207
5071 4507
5072 4511
5073 2316
5074 2285
5075 6555
5076 5143
5077 2126
5078 6542
5079 4944
5080 2241
5081 2058
5082 3463
5083 3985
5084 4198
5085 6375
5086 4904
5087 1020
5088 6514
5089 3196
5090 7205
5091 2246
5092 5036
5093 1926
5094 5888
5095 3838
5096 4814
5097 2627
5098 5987
5099 599
5100 5372
5101 6025
5102 6871
5103 5732
5104 1562
5105 4341
5106 2819
5107 1436
5108 1381
5109 3593
5110 846
5111 6579
5112 3415
5113 6161
5114 426
5115 1271
5116 1549
5117 2618
5118 7131
5119 3404
5120 3025
5121 1315
5122 886
5123 159
5124 5860
5125 273
5126 3490
5127 1360
5128 3621
5129 4079
5130 7026
5131 6886
5132 6118
5133 2996
5134 3754
5135 3774
5136 6532
5137 5976
5138 5107
5139 1948
5140 5159
5141 658
5142 6482
5143 5541
5144 4750
5145 3109
5146 2902
5147 3401
5148 5757
5149 1953
5150 5238
5151 3878
5152 22
5153 5158
5154 6035
5155 3106
5156 6851
5157 5491
5158 5630
5159 5331
5160 4295
5161 1937
5162 3302
5163 2891
5164 2222
5165 6326
5166 3740
5167 393
5168 6981
5169 2799
5170 3936
5171 3690
5172 7007
5173 173
5174 787
5175 5027
5176 7034
5177 1203
5178 6932
5179 819
5180 5282
5181 3159
5182 3960
5183 4355
5184 6850
5185 6105
5186 1702
5187 2859
5188 1247
5189 3842
5190 1210
5191 4678
5192 5337
5193 952
5194 6472
5195 172
5196 374
5197 1619
5198 3917
5199 5967
5200 2466
5201 106
5202 616
5203 3865
5204 1775
5205 5113
5206 5530
5207 4749
5208 2669
5209 6537
5210 567
5211 4148
5212 1371
5213 3085
5214 6269
5215 5031
5216 1800
5217 1239
5218 4780
5219 499
5220 7261
5221 5829
5222 3672
5223 6284
5224 1589
5225 3833
5226 4696
5227 7208
5228 863
5229 2400
5230 6208
5231 3230
5232 3232
5233 7221
5234 4430
5235 6469
5236 6969
5237 3357
5238 4189
5239 3002
5240 2569
5241 443
5242 1604
5243 3172
5244 5138
5245 1655
5246 5070
5247 4080
5248 997
5249 7145
5250 7197
5251 3826
5252 4567
5253 3596
5254 5104
5255 7199
5256 5144
5257 3296
5258 3235
5259 4064
5260 285
5261 5369
5262 3117
5263 3603
5264 6907
5265 3041
5266 3555
5267 4193
5268 6787
5269 3430
5270 7071
5271 4180
5272 3806
5273 7088
5274 4898
5275 4913
5276 1788
5277 6895
5278 1301
5279 3482
5280 4996
5281 881
5282 387
5283 821
5284 51
5285 6022
5286 1265
5287 5233
5288 131
5289 5876
5290 1261
5291 6591
5292 1769
5293 4960
5294 4651
5295 6056
5296 539
5297 2052
5298 1644
5299 5152
5300 752
5301 220
5302 3567
5303 5673
5304 6062
5305 2430
5306 3809
5307 2958
5308 3213
5309 2999
5310 6965
5311 252
5312 403
5313 4377
5314 3033
5315 5078
5316 1291
5317 5537
5318 4242
5319 5587
5320 1918
5321 3409
5322 3259
5323 1543
5324 143
5325 4021
5326 5682
5327 3855
5328 3955
5329 2318
5330 5028
5331 5224
5332 1641
5333 6644
5334 1832
5335 472
5336 4523
5337 5486
5338 3001
5339 5729
5340 2614
5341 5136
5342 6333
5343 6685
5344 5258
5345 6903
5346 419
5347 7166
5348 2353
5349 3658
5350 641
5351 2197
5352 1734
5353 5543
5354 6582
5355 4583
5356 3035
5357 5219
5358 5416
5359 6347
5360 2872
5361 5844
5362 2311
5363 6999
5364 1258
5365 3823
5366 2498
5367 6589
5368 1536
5369 630
5370 250
5371 6914
5372 5639
5373 4781
5374 899
5375 1407
5376 2560
5377 1506
5378 6906
5379 2093
5380 3320
5381 2464
5382 3282
5383 5996
5384 993
5385 2814
5386 5854
5387 3103
5388 683
5389 989
5390 3146
5391 3907
5392 3569
5393 7031
5394 3115
5395 2526
5396 1736
5397 6144
5398 1626
5399 229
5400 1668
5401 6747
5402 541
5403 4447
5404 2722
5405 1051
5406 185
5407 677
5408 2852
5409 4686
5410 4717
5411 5269
5412 4121
5413 6250
5414 194
5415 2439
5416 2109
5417 149
5418 3152
5419 3693
5420 2226
5421 2773
5422 3568
5423 3925
5424 6948
5425 3629
5426 5948
5427 2131
5428 4580
5429 728
5430 1704
5431 5618
5432 7067
5433 4018
5434 2707
5435 2164
5436 139
5437 534
5438 5681
5439 6861
5440 5072
5441 2227
5442 6950
5443 3046
5444 559
5445 6749
5446 2625
5447 2105
5448 5393
5449 1774
5450 500
5451 6283
5452 316
5453 2794
5454 2898
5455 2361
5456 7235
5457 2586
5458 2217
5459 1678
5460 6300
5461 342
5462 6150
5463 7039
5464 732
5465 5241
5466 4383
5467 3064
5468 4350
5469 1422
5470 4736
5471 1222
5472 7181
5473 4661
5474 5467
5475 3599
5476 1030
5477 709
5478 716
5479 694
5480 3572
5481 4002
5482 5825
5483 1508
5484 3240
5485 1390
5486 7259
5487 366
5488 3083
5489 4906
5490 2615
5491 6825
5492 3204
5493 215
5494 1839
5495 6915
5496 1062
5497 6593
5498 6104
5499 3889
5500 1920
5501 55
5502 1383
5503 650
5504 5970
5505 1799
5506 2943
5507 5981
5508 4909
5509 5125
5510 6157
5511 5612
5512 2925
5513 7204
5514 818
5515 4149
5516 4955
5517 5531
5518 3395
5519 6096
5520 4190
5521 5786
5522 4340
5523 7015
5524 5488
5525 4186
5526 1730
5527 1157
5528 2869
5529 1569
5530 4343
5531 6938
5532 5890
5533 4682
5534 1318
5535 3051
5536 2854
5537 76
5538 2675
5539 4974
5540 5154
5541 4930
5542 2128
5543 2818
5544 2409
5545 6029
5546 5574
5547 5581
5548 5298
5549 3495
5550 4125
5551 1592
5552 3180
5553 4258
5554 7298
5555 349
5556 4088
5557 6439
5558 3349
5559 4363
5560 1772
5561 6771
5562 6363
5563 5785
5564 3989
5565 401
5566 734
5567 3510
5568 5820
5569 5557
5570 1479
5571 6761
5572 6008
5573 3752
5574 5873
5575 1992
5576 3037
5577 4072
5578 6939
5579 3635
5580 5470
5581 4595
5582 2563
5583 3652
5584 6883
5585 6130
5586 5652
5587 2984
5588 1205
5589 4574
5590 5198
5591 7041
5592 5680
5593 3516
5594 4710
5595 2108
5596 1940
5597 2895
5598 2834
5599 6447
5600 5347
5601 1697
5602 161
5603 7241
5604 1660
5605 1311
5606 2734
5607 3140
5608 543
5609 2616
5610 4893
5611 5918
5612 1603
5613 110
5614 6722
5615 4257
5616 4938
5617 4558
5618 4167
5619 3273
5620 4240
5621 3042
5622 1274
5623 2516
5624 3114
5625 1234
5626 6153
5627 4576
5628 7225
5629 923
5630 3187
5631 6308
5632 525
5633 328
5634 1544
5635 2395
5636 4153
5637 4274
5638 1039
5639 5534
5640 4865
5641 4848
5642 6120
5643 2976
5644 6369
5645 2507
5646 3141
5647 5149
5648 1582
5649 5056
5650 3182
5651 3885
5652 4215
5653 3746
5654 4509
5655 148
5656 3049
5657 6875
5658 7238
5659 3619
5660 4117
5661 4412
5662 3451
5663 6605
5664 4849
5665 2263
5666 4954
5667 1520
5668 344
5669 944
5670 2145
5671 5506
5672 885
5673 3695
5674 160
5675 2766
5676 564
5677 5993
5678 2670
5679 5069
5680 2546
5681 2795
5682 2467
5683 1401
5684 4582
5685 4104
5686 5900
5687 6319
5688 6241
5689 3333
5690 7188
5691 4833
5692 6968
5693 6992
5694 5262
5695 2123
5696 2161
5697 91
5698 3939
5699 1514
5700 1175
5701 4951
5702 3756
5703 5315
5704 4106
5705 4541
5706 5128
5707 3292
5708 2261
5709 3851
5710 509
5711 4196
5712 3742
5713 1241
5714 2571
5715 5822
5716 4856
5717 6819
5718 2296
5719 6709
5720 6168
5721 2666
5722 6647
5723 5779
5724 1693
5725 2056
5726 2879
5727 4335
5728 5004
5729 6094
5730 2578
5731 3169
5732 5727
5733 824
5734 2163
5735 2371
5736 5118
5737 133
5738 4184
5739 1497
5740 1990
5741 4394
5742 2283
5743 4565
5744 4048
5745 20
5746 5989
5747 4563
5748 682
5749 5978
5750 454
5751 5211
5752 1713
5753 2121
5754 6695
5755 6775
5756 4901
5757 2026
5758 6019
5759 3928
5760 5538
5761 6843
5762 372
5763 717
5764 5823
5765 6554
5766 2216
5767 416
5768 4216
5769 5236
5770 245
5771 2511
5772 3642
5773 111
5774 4621
5775 6164
5776 2940
5777 224
5778 1595
5779 6990
5780 501
5781 3956
5782 5836
5783 6140
5784 6380
5785 5316
5786 4405
5787 3396
5788 3361
5789 4159
5790 5217
5791 5958
5792 750
5793 3609
5794 3637
5795 1523
5796 6527
5797 3880
5798 1643
5799 6135
5800 246
5801 6353
5802 178
5803 3799
5804 4109
5805 4019
5806 4248
5807 669
5808 523
5809 6429
5810 2369
5811 2490
5812 4407
5813 2950
5814 2240
5815 5735
5816 5891
5817 2728
5818 2196
5819 5007
5820 34
5821 1256
5822 5360
5823 3225
5824 5043
5825 3664
5826 2695
5827 2273
5828 6642
5829 323
5830 3739
5831 2224
5832 2231
5833 5986
5834 3696
5835 4495
5836 3966
5837 1392
5838 2021
5839 2594
5840 378
5841 6967
5842 1838
5843 2133
5844 1259
5845 6717
5846 5743
5847 698
5848 1126
5849 3013
5850 4885
5851 3915
5852 784
5853 668
5854 5349
5855 5053
5856 6332
5857 235
5858 580
5859 4910
5860 1106
5861 4368
5862 427
5863 3433
5864 4486
5865 7137
5866 4672
5867 5200
5868 5929
5869 3539
5870 2837
5871 3938
5872 5523
5873 6348
5874 5249
5875 2066
5876 3984
5877 5367
5878 7203
5879 2749
5880 7020
5881 5068
5882 2659
5883 4600
5884 3819
5885 1732
5886 5529
5887 2489
5888 5542
5889 6627
5890 278
5891 1283
5892 227
5893 5413
5894 271
5895 6270
5896 2205
5897 3899
5898 240
5899 1316
5900 693
5901 4011
5902 1743
5903 4808
5904 3306
5905 1395
5906 2209
5907 588
5908 4542
5909 5892
5910 5861
5911 104
5912 1764
5913 7108
5914 3544
5915 92
5916 1527
5917 4888
5918 963
5919 1751
5920 3009
5921 221
5922 1199
5923 4788
5924 3429
5925 631
5926 3643
5927 1816
5928 3432
5929 3700
5930 5318
5931 386
5932 5102
5933 521
5934 5478
5935 550
5936 4799
5937 2644
5938 4631
5939 3979
5940 459
5941 3597
5942 4311
5943 3866
5944 3028
5945 2421
5946 7171
5947 1577
5948 3489
5949 103
5950 1403
5951 2120
5952 3193
5953 2178
5954 2122
5955 2704
5956 962
5957 6643
5958 3828
5959 1931
5960 5022
5961 1970
5962 2274
5963 6515
5964 338
5965 1997
5966 6608
5967 332
5968 5941
5969 2876
5970 5371
5971 2082
5972 289
5973 4110
5974 4549
5975 4288
5976 1099
5977 1911
5978 1532
5979 510
5980 6221
5981 2183
5982 6085
5983 7086
5984 6997
5985 198
5986 5086
5987 408
5988 3378
5989 3811
5990 6064
5991 880
5992 7119
5993 5325
5994 3139
5995 2171
5996 7232
5997 137
5998 1776
5999 5690
6000 2147
6001 466
6002 5544
6003 6678
6004 453
6005 3474
6006 5664
6007 3338
6008 272
6009 5966
6010 5012
6011 1486
6012 4975
6013 1930
6014 7130
6015 853
6016 6960
6017 5723
6018 4417
6019 3192
6020 4491
6021 5499
6022 3243
6023 2102
6024 943
6025 1787
6026 4265
6027 4774
6028 7121
6029 4540
6030 1540
6031 6312
6032 6228
6033 1875
6034 1521
6035 4768
6036 5291
6037 3552
6038 1433
6039 4454
6040 6518
6041 5387
6042 5585
6043 7280
6044 4192
6045 1482
6046 2758
6047 3586
6048 4867
6049 5423
6050 7260
6051 7234
6052 5222
6053 4949
6054 5885
6055 4131
6056 2562
6057 5830
6058 2028
6059 2234
6060 864
6061 2279
6062 4723
6063 3303
6064 3912
6065 7027
6066 304
6067 4130
6068 1885
6069 1129
6070 1985
6071 1560
6072 604
6073 7048
6074 5559
6075 2097
6076 5596
6077 6281
6078 6609
6079 5033
6080 6117
6081 1251
6082 3688
6083 2635
6084 3377
6085 3716
6086 1525
6087 1197
6088 6581
6089 2394
6090 632
6091 5251
6092 6124
6093 1345
6094 4674
6095 2568
6096 4136
6097 146
6098 4398
6099 6350
6100 3447
6101 2685
6102 493
6103 4227
6104 6145
6105 6461
6106 6995
6107 5884
6108 6700
6109 3588
6110 429
6111 2177
6112 851
6113 165
6114 418
6115 642
6116 4384
6117 6807
6118 1084
6119 3124
6120 2214
6121 3088
6122 2992
6123 6459
6124 2949
6125 3535
6126 6147
6127 6824
6128 6286
6129 6694
6130 4073
6131 6234
6132 5197
6133 3399
6134 2256
6135 6372
6136 7177
6137 6196
6138 6069
6139 6912
6140 4832
6141 3476
6142 4438
6143 6785
6144 6361
6145 4802
6146 2913
6147 2650
6148 6249
6149 456
6150 5263
6151 1277
6152 6710
6153 5015
6154 4013
6155 2741
6156 210
6157 2017
6158 5307
6159 191
6160 3419
6161 5999
6162 6030
6163 217
6164 4457
6165 2000
6166 2622
6167 6688
6168 3581
6169 4145
6170 2681
6171 1867
6172 251
6173 3168
6174 1134
6175 3630
6176 4224
6177 2559
6178 290
6179 623
6180 3373
6181 5109
6182 827
6183 6039
6184 5055
6185 5952
6186 6233
6187 5642
6188 3805
6189 3785
6190 5246
6191 1023
6192 7080
6193 6849
6194 954
6195 3381
6196 1275
6197 7012
6198 1417
6199 5398
6200 7017
6201 1848
6202 3348
6203 3227
6204 168
6205 205
6206 6715
6207 2798
6208 5522
6209 2747
6210 1841
6211 6934
6212 5910
6213 2152
6214 182
6215 2070
6216 5755
6217 5494
6218 6200
6219 4203
6220 3697
6221 7066
6222 4170
6223 4937
6224 5838
6225 681
6226 6829
6227 6754
6228 6434
6229 808
6230 5029
6231 1139
6232 3974
6233 222
6234 3762
6235 5127
6236 6677
6237 6830
6238 7069
6239 6848
6240 6953
6241 5925
6242 4593
6243 1729
6244 4016
6245 1922
6246 7224
6247 6998
6248 5019
6249 1564
6250 3281
6251 2810
6252 3822
6253 6562
6254 3105
6255 5817
6256 2312
6257 7295
6258 6756
6259 2301
6260 3154
6261 6276
6262 1287
6263 4964
6264 5182
6265 4543
6266 972
6267 4500
6268 6183
6269 2945
6270 1750
6271 2481
6272 6573
6273 4940
6274 6125
6275 2344
6276 192
6277 5350
6278 5132
6279 2592
6280 3416
6281 1756
6282 951
6283 3732
6284 5330
6285 5181
6286 3719
6287 6790
6288 718
6289 1896
6290 1254
6291 3798
6292 622
6293 5787
6294 659
6295 6402
6296 6090
6297 6954
6298 1317
6299 2008
6300 301
6301 1064
6302 3475
6303 3777
6304 2593
6305 1716
6306 5469
6307 5180
6308 1438
6309 2525
6310 4264
6311 2804
6312 5603
6313 5193
6314 3262
6315 78
6316 7189
6317 1132
6318 7132
6319 1115
6320 4806
6321 4838
6322 7136
6323 3694
6324 706
6325 1223
6326 2006
6327 447
6328 6879
6329 3582
6330 7226
6331 4165
6332 4444
6333 6359
6334 2013
6335 742
6336 4092
6337 6301
6338 4039
6339 3060
6340 4601
6341 7266
6342 4448
6343 4971
6344 144
6345 7141
6346 4680
6347 7243
6348 6957
6349 3883
6350 6121
6351 615
6352 957
6353 385
6354 2968
6355 267
6356 603
6357 4003
6358 4005
6359 2668
6360 4256
6361 4772
6362 5662
6363 1628
6364 1300
6365 6112
6366 4247
6367 3295
6368 3366
6369 1921
6370 3052
6371 2606
6372 6455
6373 6480
6374 3584
6375 2436
6376 6099
6377 3825
6378 4784
6379 2767
6380 112
6381 5739
6382 5008
6383 3006
6384 4775
6385 33
6386 2455
6387 2144
6388 5156
6389 2332
6390 5676
6391 3640
6392 1963
6393 5058
6394 3279
6395 1362
6396 176
6397 1456
6398 5215
6399 1501
6400 6316
6401 1783
6402 4646
6403 5774
6404 6917
6405 2075
6406 4313
6407 5561
6408 5443
6409 5283
6410 7198
6411 163
6412 6534
6413 5400
6414 3222
6415 6457
6416 2768
6417 4763
6418 1027
6419 6880
6420 4912
6421 3207
6422 2624
6423 3558
6424 113
6425 5290
6426 7276
6427 6001
6428 6900
6429 4171
6430 5384
6431 5853
6432 598
6433 1324
6434 6602
6435 7083
6436 6500
6437 6408
6438 4436
6439 3294
6440 3089
6441 3879
6442 2036
6443 554
6444 6799
6445 2427
6446 7123
6447 1802
6448 5248
6449 2871
6450 2251
6451 3400
6452 1439
6453 2204
6454 1437
6455 1487
6456 901
6457 841
6458 6385
6459 4713
6460 3900
6461 1969
6462 5391
6463 4622
6464 3179
6465 6641
6466 4972
6467 1773
6468 42
6469 4973
6470 4761
6471 1204
6472 5155
6473 5034
6474 7076
6475 932
6476 2232
6477 3332
6478 6708
6479 4883
6480 6192
6481 3004
6482 1190
6483 1813
6484 6513
6485 1373
6486 5783
6487 769
6488 6920
6489 1335
6490 4812
6491 4534
6492 3444
6493 2903
6494 7178
6495 3345
6496 4334
6497 4188
6498 5435
6499 653
6500 4348
6501 4766
6502 5042
6503 5555
6504 280
6505 4658
6506 1424
6507 2389
6508 5366
6509 299
6510 6674
6511 5584
6512 2657
6513 5455
6514 1161
6515 5768
6516 2418
6517 6980
6518 3158
6519 2492
6520 4179
6521 4692
6522 5814
6523 2368
6524 3134
6525 4143
6526 2541
6527 6244
6528 457
6529 4375
6530 430
6531 1230
6532 804
6533 3993
6534 3549
6535 3147
6536 4822
6537 7293
6538 1954
6539 3750
6540 3016
6541 6941
6542 4367
6543 6590
6544 5139
6545 1228
6546 1450
6547 2151
6548 2858
6549 3578
6550 1880
6551 2697
6552 5406
6553 1015
6554 6059
6555 3881
6556 4709
6557 1735
6558 764
6559 2252
6560 5923
6561 4602
6562 6026
6563 3470
6564 6599
6565 1476
6566 1759
6567 3223
6568 1699
6569 936
6570 4605
6571 6551
6572 5356
6573 132
6574 4610
6575 5704
6576 2378
6577 1462
6578 202
6579 990
6580 84
6581 2776
6582 4903
6583 6400
6584 5692
6585 5701
6586 5927
6587 1048
6588 2090
6589 2049
6590 785
6591 6352
6592 2518
6593 297
6594 6296
6595 5175
6596 2278
6597 7148
6598 3190
6599 5805
6600 391
6601 651
6602 6670
6603 4000
6604 1810
6605 4100
6606 1014
6607 4819
6608 6509
6609 684
6610 1492
6611 6252
6612 7285
6613 4232
6614 1264
6615 4981
6616 6170
6617 4396
6618 118
6619 3412
6620 2523
6621 5296
6622 4429
6623 2045
6624 673
6625 5417
6626 5407
6627 5593
6628 6802
6629 586
6630 4069
6631 6409
6632 3708
6633 1365
6634 5938
6635 3682
6636 6489
6637 4669
6638 1400
6639 1852
6640 2329
6641 3063
6642 6809
6643 6545
6644 4057
6645 2319
6646 7078
6647 5297
6648 4573
6649 1779
6650 4635
6651 495
6652 986
6653 4105
6654 2012
6655 2643
6656 1003
6657 4552
6658 4606
6659 3795
6660 3944
6661 3779
6662 4925
6663 3616
6664 6921
6665 1366
6666 1128
6667 3497
6668 759
6669 3541
6670 164
6671 1690
6672 4734
6673 1653
6674 1095
6675 5665
6676 633
6677 1804
6678 2127
6679 3800
6680 6212
6681 26
6682 5781
6683 2555
6684 4752
6685 3511
6686 2230
6687 1820
6688 1553
6689 6507
6690 6110
6691 6973
6692 4923
6693 1869
6694 1871
6695 5547
6696 3358
6697 5114
6698 7174
6699 2491
6700 4633
6701 4378
6702 6315
6703 1612
6704 5276
6705 6729
6706 6595
6707 4062
6708 1793
6709 3010
6710 5972
6711 1220
6712 2016
6713 5076
6714 5295
6715 6387
6716 7289
6717 941
6718 4089
6719 5489
6720 517
6721 5653
6722 6839
6723 1924
6724 738
6725 6436
6726 6628
6727 2265
6728 834
6729 5622
6730 3813
6731 4620
6732 442
6733 5131
6734 6769
6735 3992
6736 361
6737 2982
6738 6370
6739 7151
6740 4767
6741 41
6742 6318
6743 7058
6744 1341
6745 3968
6746 5329
6747 5122
6748 1512
6749 6314
6750 793
6751 5624
6752 351
6753 1471
6754 3391
6755 412
6756 7073
6757 4993
6758 6881
6759 1808
6760 1919
6761 3386
6762 6533
6763 2348
6764 4845
6765 1102
6766 4411
6767 312
6768 2534
6769 6496
6770 6259
6771 4684
6772 3709
6773 6924
6774 4152
6775 2150
6776 5057
6777 2009
6778 5583
6779 3657
6780 5744
6781 4987
6782 247
6783 5352
6784 1627
6785 2899
6786 739
6787 4245
6788 5338
6789 1795
6790 5916
6791 1771
6792 3969
6793 1960
6794 3712
6795 828
6796 1149
6797 3330
6798 3226
6799 5700
6800 2402
6801 5379
6802 4929
6803 3290
6804 6050
6805 6626
6806 2910
6807 2250
6808 7300
6809 448
6810 3289
6811 553
6812 2486
6813 219
6814 662
6815 1058
6816 602
6817 3092
6818 2447
6819 5798
6820 2027
6821 2365
6822 1331
6823 7051
6824 1368
6825 4519
6826 2255
6827 6009
6828 4031
6829 3531
6830 624
6831 4328
6832 2946
6833 3082
6834 2335
6835 3611
6836 5271
6837 437
6838 4647
6839 6596
6840 2545
6841 6426
6842 461
6843 2838
6844 2892
6845 6071
6846 6367
6847 6023
6848 2901
6849 5066
6850 691
6851 3573
6852 5607
6853 6108
6854 2266
6855 1825
6856 2732
6857 4235
6858 4271
6859 2656
6860 532
6861 1182
6862 5191
6863 4428
6864 1123
6865 976
6866 5232
6867 3727
6868 1851
6869 1117
6870 3592
6871 5166
6872 2709
6873 2870
6874 5041
6875 6382
6876 382
6877 1142
6878 2662
6879 6931
6880 24
6881 3094
6882 259
6883 2345
6884 4462
6885 1570
6886 3343
6887 4675
6888 2553
6889 4358
6890 7008
6891 320
6892 4894
6893 6336
6894 6816
6895 5137
6896 6739
6897 2825
6898 145
6899 614
6900 3331
6901 4874
6902 3929
6903 5725
6904 35
6905 5816
6906 7291
6907 2827
6908 6970
6909 190
6910 2189
6911 170
6912 1656
6913 837
6914 1067
6915 6630
6916 5492
6917 3726
6918 2672
6919 5322
6920 4049
6921 809
6922 1728
6923 4725
6924 1221
6925 4608
6926 5558
6927 3460
6928 3368
6929 2636
6930 4302
6931 3351
6932 1326
6933 1146
6934 2099
6935 4304
6936 5880
6937 7255
6938 6109
6939 5487
6940 1136
6941 5213
6942 5038
6943 830
6944 1272
6945 1406
6946 1913
6947 562
6948 4611
6949 729
6950 2567
6951 1905
6952 667
6953 2327
6954 2576
6955 508
6956 1843
6957 1545
6958 2011
6959 6613
6960 7281
6961 3764
6962 3515
6963 4829
6964 1509
6965 4980
6966 5834
6967 482
6968 5998
6969 5638
6970 4439
6971 7297
6972 1349
6973 1731
6974 6966
6975 7112
6976 3477
6977 6560
6978 7184
6979 6541
6980 760
6981 4943
6982 5482
6983 1777
6984 3888
6985 617
6986 2194
6987 1883
6988 5411
6989 5050
6990 6633
6991 6646
6992 2018
6993 1503
6994 6115
6995 2727
6996 1172
6997 6770
6998 2136
6999 4759
7000 5480
7001 2603
7002 2172
7003 906
7004 3408
7005 5672
7006 5404
7007 5508
7008 3328
7009 4547
7010 5965
7011 968
7012 2551
7013 3605
7014 1334
7015 2700
7016 2064
7017 4061
7018 6578
7019 3269
7020 6718
7021 3760
7022 4721
7023 6253
7024 3068
7025 5208
7026 6462
7027 3015
7028 2237
7029 3601
7030 5453
7031 903
7032 6007
7033 5503
7034 3493
7035 5667
7036 3846
7037 2328
7038 5845
7039 1444
7040 6565
7041 3982
7042 4807
7043 4376
7044 4015
7045 3177
7046 655
7047 263
7048 13
7049 5275
7050 6844
7051 4988
7052 1426
7053 6927
7054 4889
7055 261
7056 4939
7057 200
7058 3910
7059 2875
7060 3745
7061 2529
7062 5320
7063 2713
7064 3970
7065 5209
7066 1829
7067 4269
7068 1635
7069 6247
7070 5832
7071 4921
7072 2457
7073 1727
7074 4712
7075 4087
7076 1329
7077 4074
7078 994
7079 3411
7080 5150
7081 1967
7082 6568
7083 2005
7084 6334
7085 7057
7086 6433
7087 5650
7088 4994
7089 5914
7090 5843
7091 3181
7092 4111
7093 5073
7094 4199
7095 1614
7096 354
7097 2141
7098 2580
7099 5471
7100 203
7101 6766
7102 5045
7103 6577
7104 4579
7105 2310
7106 6946
7107 1448
7108 1576
7109 5992
7110 3997
7111 7040
7112 67
7113 1856
7114 1024
7115 4319
7116 1806
7117 66
7118 5990
7119 3773
7120 5483
7121 918
7122 4226
7123 4349
7124 2652
7125 5121
7126 2084
7127 4599
7128 6046
7129 3937
7130 6882
7131 6182
7132 2039
7133 2236
7134 7192
7135 4863
7136 6716
7137 379
7138 4253
7139 2298
7140 2379
7141 7212
7142 5461
7143 450
7144 5343
7145 7143
7146 7165
7147 1036
7148 2692
7149 5722
7150 2055
7151 3170
7152 730
7153 6684
7154 2249
7155 1216
7156 5528
7157 771
7158 4346
7159 6768
7160 1607
7161 236
7162 1359
7163 5432
7164 3560
7165 6979
7166 496
7167 6896
7168 3111
7169 4298
7170 5418
7171 6419
7172 7046
7173 3537
7174 1484
7175 5454
7176 2349
7177 1833
7178 2508
7179 3632
7180 2294
7181 2341
7182 1533
7183 1928
7184 218
7185 915
7186 1245
7187 7237
7188 4047
7189 937
7190 6490
7191 6458
7192 1357
7193 6603
7194 6213
7195 6720
7196 3748
7197 7186
7198 5661
7199 3999
7200 3771
7201 6648
7202 7029
7203 1651
7204 2414
7205 3280
7206 5464
7207 6690
7208 5377
7209 58
7210 2736
7211 4077
7212 5273
7213 5112
7214 1952
7215 6904
7216 898
7217 6570
7218 3864
7219 4214
7220 1807
7221 5706
7222 6187
7223 326
7224 879
7225 7211
7226 6180
7227 2802
7228 4455
7229 3076
7230 5080
7231 2398
7232 1823
7233 2842
7234 4082
7235 45
7236 179
7237 4086
7238 2530
7239 1188
7240 6280
7241 2496
7242 6711
7243 5518
7244 141
7245 2630
7246 6041
7247 6750
7248 2693
7249 2547
7250 2527
7251 5424
7252 4691
7253 7185
7254 4577
7255 3118
7256 6060
7257 4718
7258 515
7259 4284
7260 4422
7261 2143
7262 1068
7263 5082
7264 4769
7265 2878
7266 2315
7267 5497
7268 5265
7269 5473
7270 5085
7271 5422
7272 4369
7273 4504
7274 4553
7275 2072
7276 2333
7277 6103
7278 6371
7279 4164
7280 5995
7281 2293
7282 3972
7283 3958
7284 4490
7285 6786
7286 4917
7287 3895
7288 406
7289 1194
7290 2358
7291 5460
7292 1746
7293 3371
7294 3679
7295 156
7296 6499
7297 6821
7298 3067
7299 6794
7300 4892
7301 476
