0 728
1 544
2 211
3 272
4 169
5 743
6 951
7 898
8 839
9 226
10 427
11 618
12 394
13 294
14 571
15 151
16 295
17 464
18 291
19 85
20 479
21 979
22 450
23 781
24 108
25 954
26 675
27 937
28 18
29 409
30 403
31 602
32 34
33 840
34 264
35 611
36 811
37 677
38 145
39 322
40 750
41 746
42 802
43 16
44 317
45 698
46 933
47 143
48 1
49 900
50 590
51 653
52 432
53 447
54 768
55 90
56 293
57 227
58 67
59 549
60 263
61 508
62 218
63 990
64 446
65 850
66 205
67 852
68 338
69 144
70 417
71 418
72 319
73 120
74 513
75 607
76 14
77 221
78 149
79 925
80 920
81 298
82 593
83 914
84 527
85 725
86 643
87 422
88 177
89 137
90 166
91 500
92 134
93 597
94 863
95 325
96 969
97 220
98 980
99 497
100 207
101 413
102 82
103 700
104 76
105 842
106 992
107 142
108 477
109 984
110 853
111 254
112 780
113 568
114 791
115 482
116 65
117 575
118 510
119 530
120 712
121 564
122 647
123 665
124 963
125 503
126 634
127 903
128 742
129 824
130 756
131 195
132 708
133 275
134 150
135 239
136 717
137 19
138 931
139 588
140 384
141 106
142 932
143 747
144 348
145 901
146 927
147 186
148 210
149 650
150 526
151 363
152 358
153 681
154 973
155 46
156 372
157 487
158 45
159 723
160 704
161 882
162 638
163 13
164 6
165 489
166 156
167 426
168 443
169 532
170 21
171 656
172 827
173 102
174 223
175 923
176 442
177 243
178 133
179 726
180 130
181 321
182 652
183 35
184 154
185 387
186 829
187 368
188 641
189 231
190 393
191 160
192 334
193 374
194 654
195 323
196 516
197 751
198 439
199 660
200 584
201 355
202 644
203 646
204 771
205 738
206 782
207 498
208 292
209 407
210 202
211 918
212 66
213 523
214 674
215 820
216 116
217 604
218 96
219 475
220 825
221 457
222 759
223 560
224 577
225 430
226 657
227 339
228 405
229 300
230 858
231 809
232 622
233 190
234 228
235 335
236 233
237 103
238 940
239 617
240 519
241 135
242 26
243 710
244 613
245 302
246 505
247 976
248 287
249 174
250 284
251 265
252 337
253 623
254 909
255 7
256 952
257 961
258 512
259 630
260 913
261 115
262 463
263 30
264 591
265 873
266 711
267 589
268 312
269 55
270 400
271 881
272 362
273 60
274 836
275 511
276 821
277 950
278 924
279 506
280 449
281 269
282 631
283 391
284 813
285 983
286 819
287 153
288 488
289 74
290 986
291 648
292 398
293 627
294 458
295 517
296 658
297 396
298 406
299 877
300 146
301 902
302 245
303 706
304 268
305 43
306 208
307 754
308 469
309 720
310 960
311 748
312 97
313 270
314 576
315 494
316 452
317 71
318 640
319 855
320 419
321 778
322 250
323 352
324 215
325 386
326 934
327 573
328 388
329 492
330 797
331 472
332 551
333 616
334 290
335 333
336 193
337 550
338 856
339 8
340 592
341 456
342 896
343 967
344 229
345 110
346 81
347 889
348 705
349 905
350 483
351 465
352 0
353 318
354 520
355 224
356 583
357 252
358 382
359 438
360 308
361 662
362 94
363 561
364 875
365 729
366 928
367 670
368 15
369 49
370 946
371 163
372 182
373 172
374 830
375 86
376 343
377 522
378 620
379 966
380 690
381 912
382 282
383 392
384 25
385 709
386 40
387 929
388 219
389 63
390 349
391 408
392 732
393 495
394 964
395 499
396 434
397 441
398 70
399 606
400 114
401 962
402 671
403 974
404 461
405 599
406 664
407 123
408 843
409 99
410 614
411 876
412 869
413 975
414 574
415 948
416 304
417 247
418 320
419 865
420 826
421 866
422 741
423 230
424 416
425 301
426 552
427 598
428 945
429 433
430 466
431 719
432 481
433 680
434 38
435 173
436 887
437 191
438 541
439 62
440 536
441 572
442 582
443 941
444 871
445 217
446 713
447 414
448 257
449 685
450 890
451 390
452 480
453 545
454 258
455 248
456 787
457 238
458 981
459 812
460 424
461 553
462 799
463 943
464 558
465 764
466 353
467 669
468 105
469 365
470 187
471 957
472 107
473 241
474 467
475 783
476 879
477 846
478 515
479 399
480 965
481 253
482 581
483 844
484 735
485 420
486 285
487 696
488 752
489 637
490 730
491 529
492 763
493 152
494 77
495 689
496 636
497 279
498 862
499 753
500 639
501 859
502 899
503 633
504 807
505 949
506 539
507 117
508 775
509 91
510 897
511 158
512 857
513 790
514 185
515 379
516 832
517 518
518 42
519 79
520 305
521 59
522 947
523 421
524 454
525 376
526 113
527 870
528 380
529 364
530 255
531 537
532 770
533 801
534 600
535 98
536 237
537 919
538 309
539 428
540 326
541 749
542 851
543 699
544 274
545 69
546 431
547 798
548 2
549 570
550 397
551 57
552 686
553 765
554 127
555 324
556 769
557 693
558 402
559 61
560 888
561 314
562 531
563 12
564 737
565 303
566 126
567 838
568 188
569 692
570 563
571 148
572 271
573 330
574 129
575 197
576 786
577 404
578 739
579 833
580 50
581 766
582 792
583 383
584 340
585 808
586 412
587 351
588 894
589 691
590 884
591 162
592 369
593 596
594 361
595 24
596 796
597 893
598 762
599 167
600 307
601 542
602 605
603 794
604 562
605 118
606 491
607 170
608 534
609 52
610 608
611 332
612 209
613 910
614 225
615 199
616 281
617 89
618 20
619 987
620 345
621 350
622 415
623 554
624 845
625 886
626 543
627 917
628 29
629 803
630 642
631 810
632 316
633 823
634 32
635 625
636 381
637 761
638 10
639 277
640 473
641 683
642 216
643 27
644 171
645 75
646 411
647 601
648 629
649 694
650 242
651 273
652 184
653 628
654 5
655 249
656 260
657 196
658 955
659 587
660 476
661 835
662 313
663 344
664 9
665 507
666 687
667 95
668 760
669 176
670 3
671 615
672 165
673 493
674 235
675 892
676 885
677 366
678 757
679 401
680 566
681 958
682 649
683 189
684 56
685 895
686 232
687 968
688 678
689 744
690 936
691 435
692 68
693 72
694 125
695 256
696 788
697 175
698 795
699 200
700 702
701 663
702 939
703 425
704 985
705 585
706 157
707 201
708 101
709 37
710 533
711 283
712 310
713 455
714 448
715 444
716 837
717 772
718 342
719 989
720 528
721 28
722 109
723 359
724 504
725 559
726 31
727 121
728 222
729 935
730 276
731 721
732 266
733 841
734 610
735 183
736 370
737 356
738 521
739 286
740 624
741 632
742 311
743 556
744 347
745 206
746 92
747 916
748 360
749 474
750 722
751 547
752 80
753 822
754 659
755 111
756 445
757 112
758 11
759 834
760 668
761 745
762 486
763 777
764 17
765 872
766 104
767 244
768 679
769 262
770 267
771 87
772 977
773 586
774 48
775 861
776 907
777 626
778 385
779 299
780 944
781 306
782 484
783 440
784 609
785 714
786 655
787 377
788 280
789 619
790 78
791 423
792 580
793 246
794 569
795 603
796 328
797 514
798 459
799 847
800 579
801 546
802 371
803 883
804 168
805 297
806 868
807 212
808 926
809 755
810 346
811 804
812 548
813 540
814 942
815 214
816 54
817 84
818 874
819 734
820 39
821 155
822 535
823 688
824 315
825 956
826 661
827 136
828 707
829 959
830 854
831 240
832 289
833 880
834 471
835 354
836 100
837 578
838 731
839 666
840 327
841 701
842 378
843 978
844 198
845 982
846 429
847 921
848 490
849 141
850 716
851 122
852 33
853 557
854 234
855 357
856 594
857 814
858 41
859 878
860 119
861 767
862 470
863 773
864 496
865 288
866 181
867 331
868 462
869 164
870 758
871 329
872 23
873 139
874 718
875 453
876 595
877 138
878 341
879 828
880 44
881 437
882 915
883 565
884 724
885 789
886 645
887 906
888 805
889 159
890 140
891 538
892 736
893 621
894 860
895 972
896 970
897 676
898 740
899 784
900 831
901 703
902 904
903 991
904 194
905 93
906 501
907 395
908 651
909 776
910 908
911 132
912 373
913 213
914 800
915 180
916 47
917 251
918 83
919 988
920 4
921 818
922 410
923 555
924 375
925 673
926 774
927 88
928 849
929 367
930 971
931 525
932 73
933 278
934 502
935 451
936 389
937 485
938 179
939 124
940 261
941 667
942 817
943 891
944 460
945 64
946 51
947 161
948 131
949 22
950 816
951 236
952 36
953 715
954 567
955 178
956 53
957 727
958 779
959 147
960 930
961 911
962 58
963 864
964 204
965 128
966 509
967 938
968 848
969 733
970 524
971 468
972 815
973 192
974 922
975 953
976 296
977 697
978 259
979 336
980 793
981 682
982 478
983 684
984 785
985 806
986 436
987 672
988 612
989 695
990 203
991 635
992 867
