0 103
1 144
2 37
3 136
4 4
5 40
6 142
7 171
8 62
9 164
10 133
11 99
12 176
13 82
14 101
15 50
16 45
17 38
18 55
19 69
20 10
21 194
22 81
23 78
24 48
25 16
26 123
27 125
28 148
29 61
30 60
31 102
32 95
33 196
34 75
35 63
36 119
37 104
38 131
39 181
40 6
41 42
42 33
43 32
44 151
45 53
46 160
47 47
48 175
49 122
50 80
51 66
52 86
53 7
54 83
55 147
56 195
57 139
58 76
59 117
60 152
61 153
62 172
63 134
64 145
65 146
66 77
67 9
68 58
69 166
70 90
71 143
72 94
73 92
74 85
75 27
76 199
77 97
78 167
79 163
80 18
81 36
82 23
83 198
84 115
85 73
86 189
87 93
88 170
89 191
90 180
91 138
92 30
93 159
94 183
95 88
96 109
97 8
98 135
99 19
100 59
101 46
102 140
103 72
104 1
105 128
106 15
107 126
108 185
109 179
110 112
111 108
112 158
113 14
114 31
115 100
116 114
117 54
118 186
119 177
120 184
121 178
122 118
123 137
124 121
125 197
126 127
127 28
128 91
129 5
130 29
131 130
132 34
133 70
134 141
135 17
136 21
137 173
138 57
139 165
140 39
141 124
142 22
143 25
144 154
145 182
146 120
147 3
148 51
149 132
150 106
151 13
152 187
153 52
154 105
155 65
156 169
157 162
158 74
159 56
160 107
161 44
162 111
163 41
164 2
165 156
166 24
167 0
168 64
169 129
170 161
171 157
172 12
173 190
174 168
175 116
176 192
177 188
178 67
179 98
180 113
181 26
182 96
183 150
184 174
185 193
186 84
187 20
188 11
189 49
190 87
191 79
192 68
193 149
194 35
195 89
196 43
197 71
198 155
199 110
