0 49
1 8
2 64
3 1
4 116
5 39
6 75
7 10
8 189
9 45
10 118
11 176
12 61
13 28
14 122
15 144
16 155
17 54
18 168
19 31
20 17
21 57
22 100
23 95
24 18
25 99
26 83
27 107
28 135
29 76
30 196
31 9
32 72
33 115
34 78
35 91
36 157
37 20
38 59
39 142
40 96
41 56
42 29
43 30
44 79
45 162
46 38
47 5
48 181
49 33
50 44
51 197
52 109
53 41
54 190
55 110
56 198
57 187
58 199
59 92
60 93
61 127
62 67
63 19
64 86
65 37
66 138
67 156
68 114
69 14
70 65
71 3
72 145
73 60
74 139
75 42
76 34
77 173
78 177
79 32
80 117
81 125
82 43
83 7
84 103
85 161
86 119
87 46
88 188
89 180
90 136
91 106
92 82
93 62
94 147
95 25
96 71
97 81
98 146
99 178
100 172
101 89
102 21
103 152
104 47
105 102
106 113
107 85
108 11
109 36
110 48
111 154
112 104
113 185
114 66
115 16
116 22
117 58
118 94
119 183
120 131
121 129
122 175
123 121
124 166
125 105
126 53
127 52
128 153
129 84
130 0
131 150
132 141
133 126
134 12
135 137
136 159
137 70
138 133
139 128
140 26
141 97
142 13
143 134
144 51
145 186
146 165
147 169
148 171
149 182
150 123
151 170
152 108
153 77
154 158
155 124
156 35
157 184
158 130
159 195
160 4
161 192
162 6
163 73
164 174
165 40
166 140
167 69
168 120
169 194
170 160
171 80
172 193
173 167
174 50
175 112
176 148
177 179
178 132
179 74
180 98
181 55
182 151
183 87
184 90
185 68
186 149
187 63
188 27
189 88
190 164
191 24
192 111
193 163
194 23
195 101
196 15
197 191
198 2
199 143
