0 119
1 1737
2 150
3 498
4 1267
5 527
6 842
7 533
8 854
9 887
10 51
11 582
12 1337
13 468
14 1569
15 330
16 1311
17 1324
18 1398
19 760
20 1250
21 275
22 1662
23 1913
24 1422
25 1082
26 751
27 1284
28 806
29 1493
30 1062
31 1761
32 1563
33 221
34 805
35 240
36 33
37 1668
38 1338
39 1866
40 1100
41 1115
42 1344
43 1192
44 587
45 187
46 1714
47 612
48 1392
49 1805
50 1236
51 36
52 912
53 1591
54 1614
55 165
56 1573
57 73
58 788
59 1858
60 847
61 700
62 1595
63 52
64 1004
65 940
66 1600
67 969
68 1768
69 748
70 634
71 261
72 352
73 563
74 78
75 385
76 1459
77 1258
78 1584
79 1749
80 107
81 1832
82 1775
83 10
84 2
85 1219
86 175
87 490
88 1629
89 256
90 1436
91 1643
92 617
93 1340
94 61
95 960
96 1148
97 642
98 1658
99 1897
100 92
101 1201
102 777
103 597
104 1542
105 477
106 864
107 915
108 1038
109 860
110 489
111 440
112 750
113 1119
114 1009
115 439
116 124
117 71
118 1739
119 1598
120 364
121 1882
122 1696
123 49
124 331
125 1695
126 1665
127 954
128 904
129 37
130 1876
131 1519
132 343
133 1748
134 1627
135 362
136 908
137 1281
138 1845
139 922
140 446
141 1676
142 517
143 1280
144 409
145 34
146 1463
147 1661
148 19
149 417
150 418
151 372
152 607
153 281
154 583
155 925
156 1320
157 513
158 1088
159 242
160 1393
161 1138
162 893
163 1942
164 1106
165 1099
166 317
167 1186
168 1235
169 1468
170 833
171 1918
172 991
173 1388
174 907
175 1426
176 714
177 1471
178 1077
179 693
180 159
181 737
182 855
183 929
184 1103
185 1903
186 1005
187 968
188 1187
189 1018
190 1164
191 1902
192 1014
193 652
194 1137
195 512
196 264
197 1146
198 495
199 377
200 1869
201 1322
202 603
203 1781
204 775
205 1730
206 314
207 618
208 941
209 821
210 1795
211 1469
212 1354
213 1508
214 509
215 953
216 115
217 1376
218 1705
219 77
220 1914
221 1875
222 752
223 274
224 951
225 1840
226 950
227 1601
228 852
229 1160
230 53
231 1056
232 657
233 1536
234 755
235 1653
236 26
237 791
238 359
239 720
240 949
241 72
242 1054
243 819
244 299
245 1035
246 144
247 95
248 1801
249 189
250 1732
251 328
252 276
253 1774
254 311
255 1339
256 1878
257 1333
258 704
259 249
260 132
261 357
262 1809
263 166
264 643
265 163
266 1360
267 1738
268 1073
269 88
270 1430
271 715
272 473
273 1179
274 1049
275 391
276 1174
277 1025
278 120
279 728
280 1656
281 220
282 1008
283 613
284 1813
285 945
286 546
287 1415
288 403
289 348
290 686
291 1341
292 1754
293 890
294 277
295 1678
296 1934
297 278
298 702
299 1086
300 630
301 1734
302 1175
303 1619
304 395
305 1966
306 228
307 558
308 1821
309 231
310 1857
311 1688
312 1758
313 143
314 676
315 374
316 944
317 573
318 1574
319 1418
320 109
321 487
322 1310
323 608
324 1514
325 1647
326 125
327 1753
328 1898
329 174
330 828
331 287
332 1361
333 338
334 1349
335 185
336 1708
337 1675
338 246
339 585
340 1027
341 434
342 1036
343 232
344 1037
345 313
346 586
347 341
348 1268
349 270
350 469
351 1744
352 55
353 1285
354 237
355 1568
356 97
357 981
358 1943
359 332
360 1228
361 1404
362 1505
363 375
364 194
365 122
366 433
367 978
368 883
369 1154
370 21
371 1449
372 1496
373 172
374 139
375 851
376 918
377 793
378 1807
379 1275
380 1909
381 659
382 1095
383 1770
384 85
385 1363
386 1932
387 749
388 1097
389 47
390 1571
391 1213
392 1071
393 1757
394 195
395 1935
396 572
397 1270
398 424
399 1959
400 1929
401 880
402 457
403 235
404 1681
405 1255
406 1622
407 566
408 575
409 339
410 460
411 1165
412 1076
413 1950
414 1664
415 1185
416 1838
417 1939
418 1374
419 935
420 840
421 1283
422 295
423 977
424 478
425 1369
426 725
427 789
428 396
429 1815
430 628
431 110
432 408
433 288
434 450
435 519
436 627
437 67
438 506
439 1908
440 927
441 30
442 1797
443 719
444 1575
445 65
446 1328
447 1590
448 1712
449 1487
450 1159
451 412
452 843
453 946
454 584
455 1715
456 668
457 844
458 1441
459 1470
460 431
461 565
462 580
463 445
464 1215
465 508
466 1921
467 1863
468 1326
469 1577
470 493
471 160
472 1679
473 184
474 916
475 358
476 1385
477 363
478 1699
479 347
480 0
481 861
482 379
483 1780
484 496
485 881
486 1292
487 1210
488 504
489 964
490 1512
491 641
492 1543
493 437
494 128
495 1141
496 1351
497 528
498 1260
499 885
500 423
501 660
502 397
503 553
504 66
505 155
506 706
507 1704
508 1827
509 1102
510 1002
511 1207
512 1070
513 442
514 1870
515 1244
516 1147
517 1951
518 80
519 292
520 1458
521 1655
522 990
523 18
524 1208
525 724
526 1126
527 333
528 595
529 35
530 414
531 1522
532 1644
533 48
534 1113
535 1844
536 1241
537 1066
538 93
539 129
540 1390
541 1634
542 68
543 1184
544 449
545 1603
546 803
547 1329
548 171
549 639
550 1108
551 1784
552 344
553 1620
554 90
555 419
556 1852
557 1798
558 1956
559 1955
560 711
561 98
562 1729
563 25
564 766
565 1007
566 1491
567 769
568 269
569 1083
570 1783
571 86
572 785
573 1588
574 1243
575 640
576 368
577 1608
578 367
579 244
580 1501
581 1296
582 850
583 291
584 1586
585 435
586 108
587 1747
588 205
589 547
590 514
591 1736
592 1742
593 1245
594 1396
595 1880
596 1546
597 89
598 1364
599 1735
600 1437
601 645
602 973
603 1195
604 1765
605 1476
606 361
607 50
608 601
609 571
610 1850
611 1464
612 536
613 671
614 967
615 928
616 689
617 1872
618 683
619 196
620 1841
621 297
622 1462
623 1125
624 1731
625 1321
626 561
627 1030
628 1741
629 1599
630 342
631 225
632 1323
633 726
634 1623
635 1652
636 1474
637 1659
638 710
639 830
640 926
641 625
642 1836
643 781
644 476
645 1026
646 1384
647 1239
648 387
649 1247
650 666
651 336
652 91
653 1373
654 1279
655 1063
656 670
657 1484
658 518
659 1690
660 921
661 898
662 162
663 335
664 1149
665 1431
666 1606
667 289
668 1455
669 164
670 20
671 680
672 1900
673 1451
674 1700
675 326
676 757
677 1810
678 1565
679 62
680 1663
681 1477
682 1666
683 1391
684 1677
685 505
686 1698
687 1585
688 708
689 718
690 972
691 376
692 1059
693 1006
694 771
695 312
696 1034
697 301
698 1806
699 537
700 673
701 1947
702 1356
703 1153
704 1182
705 878
706 369
707 1970
708 1593
709 492
710 1466
711 1680
712 1033
713 1494
714 31
715 866
716 268
717 202
718 1500
719 1718
720 778
721 647
722 135
723 550
724 1523
725 820
726 735
727 1888
728 901
729 131
730 1090
731 1039
732 1359
733 1873
734 212
735 1762
736 130
737 1835
738 1074
739 740
740 1722
741 1750
742 1686
743 1370
744 1
745 1971
746 1169
747 1190
748 1557
749 236
750 1172
751 1515
752 934
753 809
754 1116
755 1672
756 1834
757 1697
758 1589
759 592
760 1911
761 260
762 976
763 905
764 1808
765 716
766 318
767 360
768 1949
769 1163
770 658
771 425
772 677
773 443
774 1483
775 370
776 863
777 1727
778 1837
779 895
780 1793
781 1826
782 979
783 1550
784 549
785 1945
786 1246
787 1822
788 713
789 1582
790 1288
791 1259
792 1104
793 1936
794 355
795 596
796 879
797 1144
798 1710
799 1726
800 1499
801 1047
802 1507
803 454
804 1170
805 186
806 69
807 203
808 293
809 1226
810 730
811 624
812 345
813 956
814 1394
815 327
816 271
817 1229
818 674
819 888
820 1196
821 1879
822 1101
823 1177
824 1028
825 894
826 651
827 459
828 835
829 105
830 656
831 1300
832 1859
833 1417
834 1792
835 1896
836 1800
837 484
838 1478
839 1502
840 1556
841 1492
842 1583
843 697
844 1860
845 1347
846 366
847 1316
848 483
849 1375
850 746
851 1453
852 1133
853 1788
854 886
855 1087
856 146
857 900
858 224
859 1865
860 899
861 415
862 872
863 1346
864 200
865 1332
866 1782
867 1162
868 388
869 1933
870 286
871 873
872 215
873 441
874 1064
875 1042
876 354
877 765
878 1089
879 1348
880 1692
881 111
882 761
883 1786
884 1234
885 767
886 28
887 1266
888 1232
889 982
890 1309
891 458
892 1072
893 101
894 199
895 691
896 539
897 882
898 1031
899 823
900 1421
901 588
902 213
903 247
904 1180
905 1525
906 380
907 1517
908 1605
909 1011
910 632
911 428
912 74
913 356
914 526
915 1533
916 1721
917 216
918 1204
919 1040
920 1092
921 786
922 1399
923 1719
924 1022
925 635
926 219
927 60
928 245
929 621
930 1628
931 959
932 1067
933 1829
934 962
935 529
936 351
937 1445
938 251
939 470
940 1717
941 1188
942 455
943 744
944 776
945 1109
946 1856
947 717
948 58
949 233
950 394
951 46
952 485
953 849
954 1161
955 116
956 1318
957 619
958 531
959 679
960 1016
961 57
962 353
963 581
964 136
965 1065
966 40
967 650
968 763
969 1289
970 646
971 1791
972 1193
973 1702
974 1828
975 626
976 602
977 1135
978 1830
979 1438
980 707
981 1206
982 1639
983 1825
984 1763
985 392
986 1779
987 1293
988 45
989 1925
990 1079
991 1618
992 1503
993 13
994 692
995 1205
996 1420
997 1684
998 1475
999 1803
1000 794
1001 768
1002 316
1003 599
1004 466
1005 552
1006 1916
1007 994
1008 792
1009 948
1010 211
1011 783
1012 1024
1013 1545
1014 1156
1015 207
1016 1331
1017 1654
1018 1538
1019 661
1020 1021
1021 1901
1022 636
1023 827
1024 201
1025 70
1026 382
1027 1352
1028 1554
1029 1581
1030 1485
1031 1957
1032 1450
1033 462
1034 705
1035 920
1036 1923
1037 600
1038 282
1039 734
1040 1854
1041 637
1042 936
1043 1397
1044 173
1045 178
1046 426
1047 1444
1048 1899
1049 971
1050 1842
1051 1580
1052 1868
1053 1521
1054 315
1055 594
1056 938
1057 623
1058 557
1059 1694
1060 87
1061 1967
1062 1080
1063 524
1064 371
1065 1724
1066 831
1067 1402
1068 1524
1069 1155
1070 402
1071 1671
1072 1874
1073 1168
1074 1885
1075 1944
1076 1814
1077 522
1078 1409
1079 649
1080 1194
1081 747
1082 782
1083 989
1084 902
1085 1189
1086 1423
1087 1660
1088 1479
1089 99
1090 1917
1091 1746
1092 337
1093 491
1094 1954
1095 6
1096 1181
1097 497
1098 1224
1099 1851
1100 4
1101 1307
1102 838
1103 721
1104 305
1105 731
1106 1920
1107 1924
1108 121
1109 188
1110 807
1111 1058
1112 722
1113 772
1114 1481
1115 615
1116 16
1117 452
1118 1287
1119 1312
1120 8
1121 329
1122 995
1123 1253
1124 1143
1125 1894
1126 1915
1127 1673
1128 1465
1129 406
1130 1015
1131 262
1132 279
1133 914
1134 570
1135 848
1136 1633
1137 1209
1138 1855
1139 758
1140 252
1141 1355
1142 1313
1143 9
1144 398
1145 1706
1146 825
1147 1308
1148 870
1149 133
1150 432
1151 1271
1152 530
1153 283
1154 1212
1155 681
1156 346
1157 102
1158 1371
1159 463
1160 399
1161 1648
1162 100
1163 913
1164 787
1165 254
1166 1506
1167 733
1168 1528
1169 816
1170 1548
1171 1041
1172 616
1173 1787
1174 678
1175 1613
1176 227
1177 177
1178 556
1179 1693
1180 911
1181 1887
1182 1498
1183 138
1184 1482
1185 1315
1186 1578
1187 1254
1188 1532
1189 1610
1190 834
1191 1112
1192 1716
1193 996
1194 5
1195 896
1196 839
1197 631
1198 1640
1199 1529
1200 1134
1201 494
1202 319
1203 1723
1204 1669
1205 1173
1206 1587
1207 1938
1208 422
1209 1379
1210 38
1211 1713
1212 983
1213 1265
1214 1895
1215 265
1216 869
1217 170
1218 997
1219 1631
1220 638
1221 1733
1222 474
1223 1674
1224 223
1225 736
1226 112
1227 832
1228 590
1229 853
1230 1295
1231 682
1232 56
1233 1687
1234 1961
1235 1460
1236 266
1237 1964
1238 248
1239 892
1240 75
1241 1046
1242 560
1243 606
1244 548
1245 1632
1246 226
1247 1282
1248 542
1249 741
1250 1497
1251 511
1252 516
1253 871
1254 759
1255 1906
1256 76
1257 1621
1258 1416
1259 500
1260 1751
1261 405
1262 1570
1263 475
1264 1952
1265 411
1266 1769
1267 1140
1268 1867
1269 1248
1270 1927
1271 181
1272 633
1273 1759
1274 1910
1275 975
1276 1249
1277 1131
1278 307
1279 1256
1280 1124
1281 1051
1282 653
1283 444
1284 1152
1285 1345
1286 723
1287 113
1288 427
1289 1130
1290 963
1291 1764
1292 1263
1293 1118
1294 868
1295 620
1296 998
1297 1703
1298 1299
1299 1001
1300 1567
1301 1849
1302 1439
1303 156
1304 1646
1305 999
1306 836
1307 773
1308 1183
1309 993
1310 877
1311 1200
1312 117
1313 1060
1314 609
1315 1728
1316 464
1317 1202
1318 1013
1319 1334
1320 1683
1321 732
1322 930
1323 1495
1324 1446
1325 1151
1326 1105
1327 958
1328 1558
1329 481
1330 1802
1331 123
1332 810
1333 1019
1334 167
1335 984
1336 988
1337 1549
1338 1057
1339 521
1340 980
1341 1405
1342 1294
1343 152
1344 1592
1345 267
1346 137
1347 381
1348 727
1349 1641
1350 1233
1351 302
1352 1905
1353 1452
1354 1093
1355 845
1356 1539
1357 389
1358 859
1359 430
1360 1325
1361 1456
1362 1078
1363 44
1364 567
1365 148
1366 544
1367 416
1368 1958
1369 480
1370 322
1371 1383
1372 1043
1373 1408
1374 1017
1375 486
1376 230
1377 158
1378 1434
1379 1230
1380 1930
1381 663
1382 323
1383 1220
1384 1472
1385 1098
1386 1776
1387 1848
1388 1242
1389 198
1390 206
1391 593
1392 1111
1393 1432
1394 815
1395 436
1396 1342
1397 1889
1398 43
1399 1960
1400 257
1401 1912
1402 82
1403 1534
1404 191
1405 149
1406 667
1407 784
1408 304
1409 14
1410 1886
1411 1940
1412 1330
1413 1081
1414 1789
1415 1745
1416 1274
1417 1389
1418 1298
1419 1107
1420 1891
1421 1176
1422 1238
1423 1386
1424 906
1425 1682
1426 1535
1427 1625
1428 534
1429 523
1430 1965
1431 568
1432 1846
1433 321
1434 1962
1435 1261
1436 1278
1437 1191
1438 1526
1439 564
1440 390
1441 774
1442 465
1443 1350
1444 502
1445 1150
1446 829
1447 790
1448 1968
1449 1053
1450 655
1451 1461
1452 753
1453 1511
1454 910
1455 197
1456 1772
1457 909
1458 1516
1459 1050
1460 1711
1461 1890
1462 386
1463 1297
1464 106
1465 1636
1466 1442
1467 1052
1468 672
1469 204
1470 1752
1471 1301
1472 1831
1473 867
1474 1003
1475 400
1476 1778
1477 1290
1478 168
1479 467
1480 1893
1481 824
1482 1199
1483 1626
1484 1362
1485 923
1486 222
1487 538
1488 1559
1489 1304
1490 1029
1491 365
1492 1428
1493 699
1494 1262
1495 1743
1496 889
1497 1203
1498 1425
1499 551
1500 472
1501 687
1502 696
1503 1667
1504 1819
1505 578
1506 393
1507 1480
1508 939
1509 931
1510 1579
1511 1607
1512 1319
1513 325
1514 1617
1515 438
1516 942
1517 812
1518 1178
1519 1926
1520 1139
1521 577
1522 350
1523 779
1524 308
1525 1531
1526 12
1527 933
1528 488
1529 1489
1530 846
1531 1251
1532 179
1533 515
1534 1740
1535 798
1536 1490
1537 263
1538 1197
1539 272
1540 1084
1541 1412
1542 1777
1543 373
1544 218
1545 555
1546 1257
1547 1448
1548 1566
1549 1725
1550 1804
1551 334
1552 1120
1553 1020
1554 238
1555 1240
1556 822
1557 1657
1558 141
1559 1291
1560 1928
1561 1637
1562 1121
1563 499
1564 310
1565 1615
1566 180
1567 482
1568 1407
1569 745
1570 662
1571 813
1572 1576
1573 1785
1574 183
1575 1572
1576 1381
1577 1443
1578 795
1579 1630
1580 1048
1581 685
1582 804
1583 1881
1584 1129
1585 1127
1586 142
1587 1638
1588 384
1589 306
1590 17
1591 1561
1592 1227
1593 154
1594 1303
1595 1922
1596 280
1597 1847
1598 1429
1599 1457
1600 698
1601 94
1602 1701
1603 250
1604 629
1605 762
1606 965
1607 1358
1608 1823
1609 1755
1610 554
1611 134
1612 1406
1613 340
1614 413
1615 1136
1616 39
1617 140
1618 826
1619 943
1620 1624
1621 1709
1622 1314
1623 1488
1624 284
1625 503
1626 147
1627 1853
1628 1473
1629 611
1630 1069
1631 1551
1632 1562
1633 7
1634 684
1635 811
1636 1075
1637 1414
1638 1946
1639 1000
1640 743
1641 1440
1642 688
1643 294
1644 1419
1645 884
1646 182
1647 3
1648 604
1649 622
1650 54
1651 1602
1652 1670
1653 103
1654 1811
1655 924
1656 1305
1657 81
1658 161
1659 985
1660 1167
1661 917
1662 127
1663 808
1664 1612
1665 1122
1666 1114
1667 1864
1668 1211
1669 11
1670 694
1671 64
1672 1045
1673 29
1674 1467
1675 966
1676 1277
1677 1689
1678 1044
1679 955
1680 1541
1681 957
1682 1424
1683 770
1684 1353
1685 1547
1686 1650
1687 799
1688 83
1689 461
1690 309
1691 241
1692 1336
1693 234
1694 1862
1695 1812
1696 1530
1697 1123
1698 1520
1699 1395
1700 510
1701 1145
1702 1237
1703 1252
1704 1091
1705 192
1706 1816
1707 986
1708 1685
1709 1486
1710 579
1711 1410
1712 817
1713 104
1714 1276
1715 525
1716 1560
1717 1553
1718 648
1719 1411
1720 797
1721 764
1722 229
1723 605
1724 1306
1725 298
1726 15
1727 253
1728 22
1729 176
1730 562
1731 1264
1732 1387
1733 1365
1734 157
1735 169
1736 754
1737 1544
1738 1720
1739 818
1740 1032
1741 1540
1742 153
1743 970
1744 1427
1745 1609
1746 987
1747 1435
1748 303
1749 1818
1750 1948
1751 598
1752 1756
1753 1790
1754 541
1755 507
1756 1217
1757 1218
1758 1510
1759 320
1760 919
1761 569
1762 1158
1763 961
1764 1327
1765 610
1766 802
1767 992
1768 669
1769 857
1770 545
1771 324
1772 1766
1773 63
1774 1649
1775 690
1776 1635
1777 576
1778 1604
1779 1225
1780 1372
1781 1871
1782 217
1783 1931
1784 451
1785 1117
1786 84
1787 1824
1788 1366
1789 952
1790 1799
1791 703
1792 574
1793 193
1794 1796
1795 1096
1796 1142
1797 535
1798 1128
1799 258
1800 589
1801 1357
1802 1794
1803 114
1804 27
1805 1377
1806 1454
1807 1110
1808 1378
1809 664
1810 1343
1811 1061
1812 654
1813 540
1814 79
1815 239
1816 255
1817 591
1818 118
1819 1198
1820 1286
1821 1919
1822 1861
1823 796
1824 23
1825 712
1826 841
1827 862
1828 401
1829 190
1830 1596
1831 1707
1832 1231
1833 1564
1834 1068
1835 801
1836 1433
1837 1883
1838 739
1839 1953
1840 1839
1841 24
1842 1012
1843 1367
1844 1767
1845 1401
1846 421
1847 1907
1848 729
1849 1877
1850 614
1851 243
1852 1817
1853 1963
1854 407
1855 1820
1856 1222
1857 1166
1858 1645
1859 453
1860 1597
1861 448
1862 675
1863 410
1864 1317
1865 1616
1866 209
1867 1221
1868 1611
1869 1413
1870 837
1871 1518
1872 532
1873 1691
1874 974
1875 1773
1876 1216
1877 937
1878 1085
1879 520
1880 126
1881 208
1882 383
1883 800
1884 1941
1885 1504
1886 1594
1887 1335
1888 1302
1889 259
1890 1223
1891 290
1892 756
1893 1272
1894 1527
1895 1094
1896 903
1897 1892
1898 1023
1899 214
1900 210
1901 1010
1902 285
1903 875
1904 947
1905 273
1906 1447
1907 32
1908 1368
1909 701
1910 865
1911 695
1912 1771
1913 296
1914 1884
1915 1552
1916 349
1917 1157
1918 1509
1919 858
1920 856
1921 1513
1922 1937
1923 471
1924 1651
1925 1969
1926 420
1927 1403
1928 1833
1929 501
1930 96
1931 145
1932 1055
1933 543
1934 1214
1935 456
1936 644
1937 814
1938 897
1939 1843
1940 1555
1941 404
1942 1132
1943 1904
1944 665
1945 447
1946 891
1947 1400
1948 1171
1949 932
1950 742
1951 709
1952 479
1953 59
1954 429
1955 874
1956 1760
1957 1382
1958 1269
1959 41
1960 780
1961 559
1962 876
1963 1273
1964 300
1965 42
1966 1537
1967 378
1968 738
1969 1380
1970 151
1971 1642
