0 57
1 172
2 158
3 181
4 399
5 308
6 346
7 221
8 337
9 317
10 184
11 45
12 167
13 157
14 168
15 340
16 113
17 154
18 354
19 282
20 51
21 40
22 93
23 247
24 211
25 367
26 271
27 0
28 174
29 248
30 395
31 182
32 122
33 83
34 80
35 327
36 32
37 296
38 366
39 25
40 394
41 192
42 261
43 191
44 295
45 3
46 188
47 120
48 175
49 264
50 138
51 12
52 285
53 20
54 205
55 11
56 288
57 390
58 280
59 101
60 185
61 254
62 107
63 241
64 87
65 65
66 26
67 197
68 145
69 173
70 16
71 196
72 380
73 216
74 245
75 85
76 118
77 67
78 123
79 226
80 91
81 320
82 72
83 186
84 230
85 29
86 178
87 260
88 301
89 41
90 98
91 69
92 78
93 214
94 164
95 291
96 229
97 215
98 232
99 63
100 193
101 393
102 141
103 134
104 136
105 114
106 127
107 111
108 117
109 124
110 293
111 384
112 66
113 331
114 128
115 8
116 110
117 151
118 76
119 49
120 238
121 359
122 170
123 199
124 381
125 100
126 321
127 2
128 92
129 353
130 253
131 242
132 256
133 84
134 195
135 265
136 61
137 201
138 374
139 251
140 4
141 70
142 258
143 283
144 94
145 341
146 377
147 363
148 234
149 335
150 50
151 224
152 162
153 22
154 156
155 112
156 47
157 9
158 240
159 386
160 281
161 225
162 334
163 206
164 44
165 99
166 27
167 277
168 371
169 96
170 303
171 304
172 313
173 137
174 176
175 89
176 179
177 35
178 243
179 43
180 316
181 190
182 344
183 330
184 249
185 161
186 222
187 10
188 332
189 208
190 152
191 79
192 68
193 42
194 379
195 300
196 279
197 231
198 343
199 350
200 289
201 183
202 46
203 23
204 217
205 389
206 246
207 325
208 147
209 309
210 375
211 237
212 259
213 74
214 349
215 315
216 306
217 268
218 115
219 287
220 263
221 305
222 166
223 220
224 370
225 362
226 373
227 71
228 126
229 59
230 333
231 286
232 368
233 159
234 290
235 30
236 339
237 361
238 14
239 130
240 129
241 75
242 17
243 97
244 355
245 342
246 180
247 81
248 54
249 347
250 266
251 103
252 218
253 275
254 336
255 278
256 37
257 360
258 310
259 198
260 95
261 125
262 18
263 202
264 143
265 121
266 53
267 132
268 62
269 13
270 396
271 177
272 38
273 104
274 357
275 60
276 194
277 297
278 376
279 388
280 21
281 163
282 210
283 207
284 102
285 369
286 64
287 212
288 276
289 106
290 135
291 109
292 133
293 55
294 56
295 323
296 324
297 338
298 392
299 34
300 223
301 299
302 372
303 378
304 328
305 383
306 272
307 131
308 244
309 356
310 48
311 364
312 235
313 39
314 252
315 302
316 1
317 169
318 326
319 239
320 257
321 146
322 5
323 274
324 150
325 189
326 314
327 19
328 397
329 365
330 255
331 116
332 312
333 90
334 15
335 33
336 348
337 140
338 200
339 119
340 165
341 391
342 160
343 204
344 358
345 236
346 322
347 213
348 52
349 105
350 209
351 307
352 28
353 31
354 6
355 155
356 144
357 58
358 398
359 387
360 7
361 382
362 227
363 318
364 149
365 86
366 36
367 82
368 219
369 352
370 311
371 187
372 171
373 250
374 73
375 351
376 228
377 385
378 153
379 108
380 294
381 88
382 24
383 262
384 142
385 284
386 273
387 148
388 77
389 139
390 298
391 329
392 233
393 267
394 319
395 269
396 292
397 345
398 203
399 270
