0 118
1 1594
2 1389
3 116
4 1007
5 917
6 1848
7 963
8 928
9 1451
10 1006
11 1052
12 2035
13 1208
14 1672
15 184
16 414
17 454
18 908
19 360
20 1609
21 669
22 1982
23 1227
24 684
25 1804
26 383
27 16
28 2000
29 1333
30 524
31 2107
32 1830
33 1928
34 1747
35 1805
36 1706
37 1692
38 1169
39 2073
40 688
41 502
42 1378
43 196
44 1913
45 1683
46 1420
47 1585
48 958
49 1814
50 744
51 1471
52 1858
53 681
54 2004
55 2042
56 129
57 1440
58 1265
59 1250
60 1418
61 7
62 48
63 1911
64 13
65 1690
66 2014
67 786
68 165
69 433
70 34
71 1669
72 556
73 704
74 1978
75 902
76 899
77 660
78 1603
79 291
80 1244
81 511
82 1726
83 1225
84 698
85 709
86 1809
87 898
88 802
89 170
90 381
91 2034
92 1392
93 1432
94 413
95 612
96 1550
97 1364
98 320
99 1148
100 1239
101 655
102 1765
103 593
104 2077
105 1664
106 1742
107 1781
108 1182
109 1717
110 1033
111 1506
112 100
113 602
114 1488
115 1484
116 1232
117 19
118 492
119 1154
120 2082
121 644
122 836
123 1455
124 1479
125 1992
126 1205
127 1685
128 419
129 1186
130 283
131 400
132 1022
133 21
134 1393
135 77
136 2026
137 1607
138 1756
139 70
140 1366
141 36
142 615
143 1637
144 2028
145 1139
146 765
147 1158
148 498
149 1559
150 84
151 472
152 252
153 1369
154 1882
155 68
156 1972
157 823
158 1879
159 403
160 1849
161 626
162 163
163 1215
164 1147
165 664
166 1751
167 1851
168 418
169 12
170 1457
171 1723
172 443
173 201
174 489
175 230
176 1865
177 710
178 1873
179 1890
180 635
181 730
182 989
183 1174
184 1273
185 1118
186 455
187 1243
188 1941
189 1600
190 605
191 1711
192 1499
193 623
194 1231
195 1648
196 1424
197 439
198 1406
199 1096
200 991
201 1790
202 805
203 853
204 1818
205 685
206 1891
207 408
208 1017
209 1084
210 1141
211 1436
212 1466
213 1126
214 562
215 557
216 1576
217 832
218 1880
219 940
220 1109
221 287
222 1645
223 780
224 506
225 121
226 316
227 1671
228 874
229 810
230 516
231 404
232 467
233 1568
234 339
235 1629
236 555
237 1975
238 1985
239 493
240 1238
241 702
242 1767
243 804
244 551
245 1446
246 374
247 743
248 135
249 431
250 814
251 603
252 127
253 1905
254 691
255 841
256 279
257 560
258 1266
259 1927
260 800
261 808
262 1193
263 111
264 1705
265 1691
266 241
267 672
268 1272
269 453
270 1586
271 1741
272 276
273 2079
274 1106
275 1279
276 1310
277 987
278 296
279 479
280 951
281 76
282 2059
283 861
284 1636
285 982
286 2112
287 59
288 1297
289 1339
290 741
291 1689
292 1409
293 856
294 1137
295 2056
296 2088
297 1866
298 1770
299 762
300 1352
301 658
302 708
303 1846
304 1618
305 1748
306 1036
307 1144
308 933
309 1028
310 876
311 896
312 1149
313 1112
314 219
315 1774
316 113
317 1759
318 536
319 401
320 1117
321 1153
322 1923
323 358
324 198
325 93
326 882
327 1599
328 1277
329 1467
330 1558
331 662
332 799
333 236
334 365
335 385
336 1821
337 1719
338 391
339 996
340 1247
341 422
342 651
343 3
344 1680
345 1608
346 1482
347 171
348 534
349 1530
350 1633
351 164
352 261
353 405
354 742
355 1877
356 755
357 1082
358 2085
359 1902
360 216
361 554
362 1842
363 52
364 794
365 1210
366 2006
367 1760
368 1242
369 520
370 303
371 110
372 465
373 1623
374 1307
375 594
376 1840
377 1267
378 1131
379 803
380 1969
381 169
382 632
383 351
384 325
385 188
386 1090
387 473
388 1813
389 126
390 1954
391 45
392 1628
393 232
394 622
395 1650
396 1222
397 1360
398 736
399 1016
400 1236
401 275
402 1801
403 181
404 1695
405 1575
406 646
407 1035
408 1405
409 1907
410 1539
411 450
412 364
413 1860
414 1211
415 1370
416 1970
417 711
418 1753
419 452
420 1190
421 1195
422 604
423 208
424 2061
425 673
426 67
427 1826
428 1235
429 726
430 298
431 1461
432 1089
433 331
434 2024
435 1165
436 15
437 1933
438 636
439 776
440 1039
441 830
442 719
443 341
444 1876
445 1194
446 1620
447 589
448 1213
449 22
450 2111
451 1332
452 844
453 720
454 1363
455 1448
456 1644
457 2060
458 156
459 597
460 1296
461 2050
462 1640
463 1459
464 868
465 417
466 488
467 1124
468 1557
469 1800
470 962
471 678
472 1478
473 25
474 699
475 1820
476 1731
477 1011
478 434
479 712
480 132
481 1128
482 584
483 1554
484 142
485 1565
486 1417
487 746
488 432
489 771
490 1138
491 4
492 1824
493 1168
494 133
495 441
496 1617
497 767
498 1998
499 145
500 359
501 1025
502 1538
503 20
504 1412
505 1326
506 571
507 1899
508 645
509 1431
510 1166
511 18
512 1861
513 37
514 1983
515 2058
516 1070
517 425
518 845
519 300
520 285
521 717
522 290
523 1270
524 768
525 39
526 1864
527 1134
528 1704
529 847
530 564
531 134
532 815
533 1351
534 1920
535 47
536 906
537 1229
538 932
539 226
540 485
541 1342
542 1241
543 1962
544 278
545 1403
546 1914
547 1438
548 1275
549 798
550 880
551 2022
552 912
553 491
554 436
555 1177
556 1462
557 1206
558 667
559 1799
560 83
561 919
562 1612
563 1135
564 1788
565 17
566 967
567 1380
568 2099
569 1178
570 317
571 1841
572 537
573 842
574 107
575 1085
576 831
577 1863
578 2103
579 592
580 1825
581 1542
582 1329
583 1317
584 162
585 1192
586 633
587 862
588 468
589 1429
590 942
591 475
592 2080
593 920
594 543
595 1048
596 2063
597 1591
598 731
599 561
600 458
601 614
602 1989
603 750
604 1966
605 1684
606 330
607 1074
608 1728
609 85
610 1063
611 371
612 1298
613 1081
614 1579
615 1125
616 2031
617 1331
618 1682
619 2016
620 248
621 182
622 138
623 92
624 427
625 1350
626 926
627 1130
628 2013
629 980
630 647
631 89
632 73
633 1917
634 81
635 807
636 1014
637 582
638 1029
639 850
640 1312
641 666
642 318
643 301
644 903
645 905
646 1647
647 1771
648 1490
649 2081
650 1915
651 1514
652 2010
653 2055
654 476
655 352
656 1525
657 195
658 1859
659 69
660 1046
661 78
662 689
663 1687
664 1662
665 1844
666 1775
667 1164
668 1067
669 1785
670 1721
671 790
672 80
673 442
674 141
675 293
676 366
677 243
678 1304
679 968
680 212
681 2105
682 2092
683 280
684 1871
685 1743
686 348
687 630
688 1823
689 373
690 1434
691 598
692 620
693 2087
694 1526
695 1093
696 1323
697 1441
698 1314
699 1224
700 1515
701 1140
702 1908
703 1201
704 10
705 329
706 859
707 954
708 1399
709 955
710 1675
711 764
712 1968
713 701
714 1698
715 2032
716 2017
717 507
718 1935
719 809
720 1379
721 1602
722 1836
723 889
724 703
725 471
726 1875
727 1361
728 395
729 640
730 1004
731 789
732 1001
733 1368
734 2089
735 336
736 1613
737 159
738 1688
739 1581
740 128
741 1965
742 1237
743 1946
744 1783
745 2071
746 546
747 914
748 787
749 1059
750 1867
751 349
752 1958
753 223
754 1217
755 1949
756 1340
757 1278
758 1496
759 949
760 952
761 1220
762 1517
763 1566
764 1357
765 446
766 312
767 180
768 382
769 186
770 674
771 1619
772 979
773 618
774 1981
775 1819
776 956
777 596
778 649
779 108
780 857
781 1994
782 1835
783 1071
784 998
785 900
786 1019
787 125
788 1925
789 713
790 1832
791 122
792 1776
793 350
794 542
795 2102
796 210
797 679
798 123
799 566
800 2076
801 983
802 238
803 706
804 286
805 772
806 423
807 878
808 499
809 1546
810 1997
811 2041
812 1544
813 1639
814 225
815 970
816 326
817 869
818 1264
819 466
820 1103
821 514
822 508
823 1021
824 363
825 253
826 2078
827 727
828 1274
829 2005
830 105
831 1301
832 777
833 1427
834 1188
835 668
836 1309
837 149
838 965
839 1536
840 1900
841 1098
842 1464
843 532
844 2067
845 1398
846 191
847 1325
848 1018
849 1371
850 501
851 259
852 2011
853 1551
854 1699
855 340
856 444
857 677
858 277
859 1191
860 1092
861 1892
862 1421
863 2002
864 1610
865 901
866 1253
867 1598
868 1635
869 572
870 625
871 1005
872 258
873 333
874 1318
875 1483
876 1385
877 1076
878 23
879 185
880 1410
881 617
882 1574
883 821
884 1697
885 1973
886 209
887 1744
888 1107
889 1400
890 683
891 2019
892 1257
893 1934
894 1701
895 1979
896 273
897 1077
898 641
899 583
900 1681
901 522
902 595
903 1115
904 1833
905 32
906 206
907 1642
908 478
909 1531
910 65
911 1197
912 1426
913 504
914 2048
915 1306
916 1263
917 1904
918 661
919 459
920 376
921 1829
922 1127
923 249
924 680
925 445
926 1939
927 1009
928 9
929 148
930 1810
931 2029
932 245
933 722
934 1255
935 72
936 1230
937 1119
938 112
939 2020
940 558
941 728
942 1624
943 426
944 1450
945 1577
946 812
947 1738
948 1258
949 1734
950 1590
951 357
952 1798
953 56
954 1649
955 1313
956 934
957 1465
958 1596
959 1700
960 1376
961 1655
962 1543
963 1658
964 761
965 2110
966 801
967 1987
968 1561
969 1955
970 827
971 775
972 79
973 2053
974 1787
975 2033
976 2038
977 1377
978 1487
979 494
980 233
981 512
982 1926
983 1395
984 822
985 247
986 1498
987 835
988 217
989 456
990 438
991 599
992 406
993 1945
994 1883
995 817
996 1172
997 1764
998 1316
999 686
1000 109
1001 5
1002 2106
1003 700
1004 2030
1005 1162
1006 1896
1007 642
1008 1838
1009 295
1010 53
1011 1510
1012 255
1013 189
1014 897
1015 1387
1016 758
1017 1627
1018 305
1019 338
1020 1123
1021 757
1022 931
1023 154
1024 627
1025 1667
1026 464
1027 793
1028 531
1029 751
1030 735
1031 944
1032 367
1033 1537
1034 773
1035 44
1036 774
1037 1143
1038 1716
1039 1795
1040 2086
1041 1562
1042 1416
1043 1784
1044 1808
1045 1782
1046 410
1047 1439
1048 477
1049 690
1050 886
1051 409
1052 523
1053 143
1054 1094
1055 1184
1056 907
1057 2090
1058 389
1059 447
1060 1315
1061 697
1062 1942
1063 1724
1064 244
1065 639
1066 356
1067 1857
1068 1061
1069 150
1070 1495
1071 1473
1072 1556
1073 1346
1074 1038
1075 416
1076 1381
1077 131
1078 91
1079 1845
1080 74
1081 1475
1082 1024
1083 314
1084 864
1085 600
1086 1919
1087 307
1088 378
1089 1504
1090 848
1091 1023
1092 950
1093 893
1094 440
1095 1961
1096 204
1097 1803
1098 1768
1099 1567
1100 1290
1101 1058
1102 973
1103 1079
1104 992
1105 2062
1106 766
1107 1163
1108 1114
1109 97
1110 884
1111 559
1112 925
1113 1221
1114 294
1115 1632
1116 1950
1117 11
1118 1288
1119 234
1120 1348
1121 1505
1122 936
1123 88
1124 1918
1125 1362
1126 872
1127 1280
1128 2012
1129 187
1130 2109
1131 1214
1132 99
1133 396
1134 192
1135 657
1136 449
1137 545
1138 215
1139 1996
1140 270
1141 1750
1142 393
1143 705
1144 2021
1145 1477
1146 1522
1147 858
1148 590
1149 62
1150 54
1151 2101
1152 51
1153 1328
1154 1066
1155 1614
1156 1396
1157 1964
1158 854
1159 228
1160 158
1161 1212
1162 1447
1163 833
1164 221
1165 1101
1166 1722
1167 1878
1168 1729
1169 881
1170 175
1171 1262
1172 55
1173 205
1174 369
1175 411
1176 1886
1177 430
1178 1929
1179 1116
1180 866
1181 38
1182 1766
1183 137
1184 1095
1185 1889
1186 98
1187 1460
1188 1984
1189 207
1190 1555
1191 1319
1192 1216
1193 474
1194 1839
1195 1872
1196 1097
1197 1040
1198 1413
1199 910
1200 529
1201 1245
1202 6
1203 2084
1204 694
1205 448
1206 27
1207 1710
1208 486
1209 235
1210 1136
1211 1030
1212 388
1213 343
1214 818
1215 66
1216 714
1217 1271
1218 1563
1219 986
1220 1474
1221 1666
1222 530
1223 978
1224 1980
1225 921
1226 42
1227 1295
1228 971
1229 1676
1230 778
1231 1102
1232 1593
1233 33
1234 797
1235 1806
1236 86
1237 1008
1238 1592
1239 574
1240 266
1241 24
1242 1423
1243 1501
1244 637
1245 1897
1246 1152
1247 1283
1248 1249
1249 289
1250 1444
1251 918
1252 653
1253 1605
1254 1078
1255 579
1256 739
1257 1293
1258 505
1259 1763
1260 883
1261 379
1262 1552
1263 1720
1264 985
1265 1518
1266 1740
1267 1869
1268 1850
1269 1111
1270 1737
1271 335
1272 1259
1273 495
1274 71
1275 515
1276 1777
1277 63
1278 1696
1279 451
1280 1894
1281 1179
1282 796
1283 795
1284 1150
1285 1183
1286 943
1287 550
1288 2098
1289 1749
1290 140
1291 1948
1292 631
1293 760
1294 2039
1295 1660
1296 1218
1297 1884
1298 14
1299 394
1300 1062
1301 1853
1302 811
1303 1976
1304 1133
1305 887
1306 1170
1307 503
1308 321
1309 1091
1310 1155
1311 791
1312 463
1313 509
1314 1532
1315 1373
1316 2096
1317 193
1318 1960
1319 634
1320 104
1321 1739
1322 1827
1323 1578
1324 1831
1325 1815
1326 2064
1327 715
1328 1394
1329 510
1330 723
1331 1037
1332 362
1333 1355
1334 581
1335 1032
1336 1930
1337 613
1338 487
1339 1299
1340 2052
1341 938
1342 779
1343 1535
1344 437
1345 616
1346 306
1347 1289
1348 1064
1349 1375
1350 1754
1351 1654
1352 1572
1353 879
1354 1027
1355 1944
1356 1276
1357 670
1358 840
1359 1073
1360 1816
1361 608
1362 1199
1363 1374
1364 1573
1365 1641
1366 460
1367 2007
1368 738
1369 676
1370 173
1371 2037
1372 1349
1373 2023
1374 1175
1375 1476
1376 1508
1377 35
1378 1673
1379 1470
1380 1797
1381 1204
1382 1615
1383 457
1384 540
1385 829
1386 519
1387 1702
1388 229
1389 1512
1390 1472
1391 1187
1392 420
1393 652
1394 870
1395 1898
1396 119
1397 60
1398 57
1399 1002
1400 1584
1401 1732
1402 41
1403 2008
1404 1020
1405 957
1406 328
1407 1120
1408 1422
1409 756
1410 429
1411 218
1412 263
1413 1513
1414 1772
1415 1527
1416 61
1417 1132
1418 1611
1419 1796
1420 1044
1421 820
1422 1196
1423 851
1424 754
1425 256
1426 1129
1427 120
1428 58
1429 990
1430 1157
1431 1524
1432 759
1433 368
1434 319
1435 384
1436 1321
1437 570
1438 334
1439 577
1440 2025
1441 1485
1442 643
1443 860
1444 1580
1445 1631
1446 183
1447 1951
1448 1733
1449 1852
1450 1912
1451 838
1452 1433
1453 1203
1454 1335
1455 553
1456 875
1457 770
1458 1
1459 1570
1460 1761
1461 402
1462 1233
1463 0
1464 176
1465 1855
1466 675
1467 1516
1468 1940
1469 1793
1470 781
1471 1445
1472 1668
1473 1330
1474 1341
1475 2003
1476 101
1477 1936
1478 1529
1479 1616
1480 576
1481 1657
1482 1752
1483 2095
1484 849
1485 1347
1486 1100
1487 151
1488 1344
1489 1791
1490 302
1491 2054
1492 1534
1493 995
1494 1015
1495 146
1496 308
1497 1051
1498 1034
1499 527
1500 397
1501 871
1502 1583
1503 1755
1504 788
1505 915
1506 153
1507 606
1508 721
1509 28
1510 1545
1511 2015
1512 1947
1513 718
1514 1868
1515 462
1516 1443
1517 619
1518 513
1519 1921
1520 1382
1521 480
1522 103
1523 824
1524 1834
1525 1870
1526 1597
1527 1286
1528 2065
1529 313
1530 535
1531 1408
1532 575
1533 707
1534 355
1535 1202
1536 1053
1537 1000
1538 136
1539 1338
1540 687
1541 211
1542 1161
1543 117
1544 1234
1545 696
1546 1656
1547 1343
1548 1674
1549 1055
1550 1520
1551 1802
1552 1050
1553 267
1554 737
1555 1159
1556 1068
1557 327
1558 1104
1559 1463
1560 1786
1561 813
1562 828
1563 1856
1564 115
1565 784
1566 960
1567 692
1568 1712
1569 1817
1570 1486
1571 961
1572 585
1573 500
1574 240
1575 237
1576 1549
1577 873
1578 1358
1579 114
1580 1087
1581 1991
1582 568
1583 372
1584 1587
1585 1988
1586 1209
1587 855
1588 1337
1589 948
1590 1677
1591 428
1592 1862
1593 806
1594 1789
1595 964
1596 1494
1597 922
1598 1419
1599 1735
1600 1807
1601 172
1602 265
1603 96
1604 1072
1605 1652
1606 1384
1607 1595
1608 1626
1609 386
1610 345
1611 1228
1612 1121
1613 2083
1614 470
1615 923
1616 1356
1617 1428
1618 1885
1619 1269
1620 257
1621 415
1622 26
1623 1502
1624 846
1625 1957
1626 927
1627 1105
1628 264
1629 342
1630 268
1631 1411
1632 102
1633 1407
1634 288
1635 969
1636 747
1637 1725
1638 1541
1639 1401
1640 82
1641 1281
1642 1171
1643 2108
1644 1943
1645 1402
1646 272
1647 528
1648 1254
1649 1284
1650 1521
1651 168
1652 1937
1653 1454
1654 1080
1655 64
1656 656
1657 1043
1658 254
1659 1995
1660 435
1661 1099
1662 525
1663 292
1664 763
1665 1397
1666 1354
1667 2043
1668 222
1669 999
1670 1893
1671 997
1672 547
1673 387
1674 1294
1675 167
1676 753
1677 1843
1678 953
1679 1714
1680 239
1681 323
1682 260
1683 939
1684 106
1685 95
1686 663
1687 2075
1688 740
1689 1322
1690 930
1691 1769
1692 30
1693 271
1694 1060
1695 1285
1696 1256
1697 748
1698 1219
1699 1811
1700 977
1701 1625
1702 924
1703 353
1704 1670
1705 671
1706 274
1707 1327
1708 745
1709 695
1710 87
1711 1727
1712 1041
1713 1415
1714 1353
1715 888
1716 1507
1717 1065
1718 1425
1719 246
1720 1108
1721 1812
1722 1251
1723 1999
1724 935
1725 839
1726 421
1727 946
1728 1497
1729 94
1730 1922
1731 785
1732 976
1733 29
1734 1359
1735 1491
1736 984
1737 1122
1738 1303
1739 792
1740 974
1741 1042
1742 541
1743 1167
1744 1553
1745 1589
1746 1794
1747 539
1748 130
1749 2
1750 725
1751 1031
1752 892
1753 819
1754 2036
1755 1207
1756 733
1757 1986
1758 269
1759 1643
1760 1588
1761 1779
1762 1156
1763 1932
1764 1661
1765 1993
1766 2100
1767 843
1768 380
1769 1320
1770 1391
1771 1665
1772 1910
1773 1180
1774 1026
1775 1990
1776 945
1777 890
1778 959
1779 390
1780 891
1781 834
1782 1145
1783 483
1784 2040
1785 752
1786 1773
1787 1634
1788 548
1789 994
1790 611
1791 1088
1792 399
1793 769
1794 1651
1795 8
1796 650
1797 1548
1798 659
1799 904
1800 1268
1801 816
1802 1110
1803 1049
1804 1386
1805 242
1806 1383
1807 533
1808 469
1809 521
1810 1300
1811 1709
1812 549
1813 361
1814 1903
1815 461
1816 377
1817 1653
1818 1621
1819 214
1820 1151
1821 518
1822 1057
1823 1435
1824 213
1825 412
1826 783
1827 1302
1828 913
1829 2047
1830 1453
1831 665
1832 1678
1833 43
1834 2072
1835 75
1836 716
1837 621
1838 231
1839 1047
1840 1916
1841 324
1842 1500
1843 310
1844 354
1845 1492
1846 578
1847 482
1848 1010
1849 160
1850 1458
1851 1480
1852 1086
1853 1638
1854 1142
1855 2094
1856 484
1857 282
1858 1762
1859 1938
1860 865
1861 1952
1862 624
1863 825
1864 1481
1865 227
1866 1468
1867 1367
1868 1730
1869 1604
1870 152
1871 1291
1872 322
1873 586
1874 894
1875 124
1876 1489
1877 2069
1878 1757
1879 1509
1880 2104
1881 49
1882 1173
1883 729
1884 1778
1885 497
1886 1959
1887 573
1888 177
1889 398
1890 929
1891 1686
1892 1365
1893 601
1894 1715
1895 1931
1896 2066
1897 2093
1898 50
1899 315
1900 1160
1901 2070
1902 732
1903 194
1904 1792
1905 1287
1906 139
1907 937
1908 1854
1909 1663
1910 2091
1911 638
1912 346
1913 563
1914 90
1915 1012
1916 1745
1917 1533
1918 190
1919 1226
1920 1746
1921 281
1922 1181
1923 311
1924 155
1925 1582
1926 1054
1927 1703
1928 1308
1929 1404
1930 993
1931 569
1932 1469
1933 941
1934 161
1935 1292
1936 174
1937 224
1938 1056
1939 375
1940 2074
1941 1334
1942 837
1943 1075
1944 2057
1945 1963
1946 1305
1947 734
1948 1372
1949 1013
1950 1718
1951 1780
1952 629
1953 392
1954 46
1955 2051
1956 1977
1957 1523
1958 2001
1959 1874
1960 565
1961 1909
1962 203
1963 591
1964 40
1965 1547
1966 909
1967 1146
1968 1437
1969 916
1970 580
1971 628
1972 490
1973 981
1974 1693
1975 587
1976 1571
1977 1189
1978 1822
1979 911
1980 567
1981 1442
1982 1837
1983 1493
1984 251
1985 1708
1986 1540
1987 1694
1988 1758
1989 1974
1990 1246
1991 1252
1992 347
1993 648
1994 1083
1995 724
1996 552
1997 1967
1998 179
1999 526
2000 1503
2001 852
2002 517
2003 826
2004 1223
2005 220
2006 407
2007 147
2008 309
2009 607
2010 1390
2011 299
2012 166
2013 1560
2014 2027
2015 304
2016 654
2017 2018
2018 1456
2019 200
2020 2097
2021 1260
2022 885
2023 1324
2024 2044
2025 693
2026 1622
2027 424
2028 972
2029 1895
2030 1414
2031 782
2032 947
2033 682
2034 1679
2035 1736
2036 1888
2037 1956
2038 2046
2039 370
2040 1261
2041 337
2042 1881
2043 1659
2044 2009
2045 1569
2046 749
2047 2049
2048 1630
2049 297
2050 1045
2051 1707
2052 1198
2053 332
2054 1176
2055 284
2056 988
2057 1901
2058 1452
2059 202
2060 1606
2061 867
2062 966
2063 1388
2064 1240
2065 1646
2066 1311
2067 31
2068 144
2069 1713
2070 1069
2071 197
2072 1345
2073 1449
2074 2068
2075 157
2076 1906
2077 895
2078 1953
2079 1971
2080 1248
2081 1336
2082 975
2083 1511
2084 1847
2085 1185
2086 199
2087 588
2088 2045
2089 1113
2090 344
2091 1528
2092 863
2093 1430
2094 877
2095 178
2096 544
2097 262
2098 1003
2099 538
2100 1200
2101 609
2102 1887
2103 1519
2104 481
2105 1828
2106 496
2107 1924
2108 1601
2109 1564
2110 1282
2111 610
2112 250
