1	1
2	22
3	6
4	4
5	23
6	7
7	3
8	8
9	9
10	10
11	11
12	12
13	13
14	14
15	15
16	16
17	17
18	18
19	19
20	20
21	21
22	24
23	25
24	26
25	27
26	28
27	2
28	5
29	213
30	30
31	31
32	32
33	33
34	34
35	35
36	36
37	37
38	38
39	39
40	40
41	41
42	42
43	43
44	44
45	46
46	47
47	49
48	45
49	48
50	50
51	51
52	52
53	53
54	54
55	55
56	56
57	57
58	58
59	59
60	60
61	61
62	62
63	63
64	64
65	65
66	66
67	67
68	68
69	69
70	70
71	71
72	72
73	73
74	74
75	75
76	76
77	77
78	78
79	79
80	80
81	81
82	82
83	83
84	717
85	85
86	88
87	89
88	90
89	91
90	92
91	94
92	95
93	624
94	96
95	217
96	297
97	97
98	98
99	99
100	100
101	101
102	102
103	103
104	104
105	105
106	106
107	107
108	108
109	109
110	110
111	112
112	111
113	113
114	114
115	115
116	116
117	117
118	118
119	119
120	120
121	121
122	122
123	123
124	124
125	125
126	126
127	127
128	128
129	129
130	130
131	131
132	132
133	133
134	134
135	135
136	136
137	137
138	138
139	139
140	140
141	141
142	142
143	143
144	144
145	145
146	146
147	147
148	148
149	149
150	150
151	151
152	152
153	153
154	154
155	155
156	156
157	157
158	158
159	159
160	160
161	161
162	162
163	163
164	164
165	165
166	166
167	167
168	168
169	169
170	170
171	171
172	172
173	173
174	174
175	175
176	176
177	177
178	178
179	179
180	180
181	181
182	182
183	183
184	184
185	185
186	186
187	187
188	188
189	189
190	190
191	191
192	192
193	193
194	194
195	195
196	196
197	197
198	198
199	199
200	200
201	201
202	202
203	203
204	204
205	205
206	206
207	207
208	208
209	209
210	210
211	211
212	212
213	29
214	432
215	459
216	460
217	461
218	218
219	219
220	220
221	221
222	222
223	223
224	224
225	225
226	226
227	227
228	228
229	258
230	230
231	233
232	234
233	235
234	236
235	237
236	238
237	239
238	231
239	232
240	240
241	241
242	242
243	243
244	244
245	245
246	246
247	247
248	248
249	249
250	250
251	251
252	252
253	253
254	254
255	255
256	256
257	257
258	229
259	261
260	260
261	259
262	262
263	263
264	264
265	265
266	266
267	267
268	268
269	269
270	270
271	271
272	272
273	273
274	464
275	277
276	278
277	279
278	280
279	281
280	283
281	284
282	285
283	286
284	287
285	288
286	289
287	290
288	291
289	292
290	293
291	294
292	295
293	296
294	386
295	298
296	299
297	300
298	301
299	302
300	430
301	304
302	305
303	306
304	307
305	308
306	309
307	311
308	312
309	313
310	314
311	315
312	316
313	317
314	318
315	319
316	320
317	321
318	322
319	323
320	324
321	325
322	326
323	327
324	328
325	329
326	330
327	331
328	332
329	333
330	334
331	335
332	336
333	337
334	338
335	339
336	340
337	341
338	342
339	343
340	344
341	345
342	346
343	347
344	348
345	368
346	350
347	351
348	352
349	353
350	354
351	355
352	356
353	357
354	358
355	359
356	360
357	361
358	362
359	363
360	364
361	365
362	366
363	367
364	349
365	369
366	370
367	371
368	372
369	373
370	374
371	375
372	376
373	377
374	378
375	379
376	380
377	381
378	382
379	383
380	384
381	385
382	275
383	506
384	387
385	388
386	389
387	390
388	391
389	392
390	393
391	394
392	395
393	396
394	397
395	398
396	399
397	400
398	402
399	403
400	404
401	405
402	406
403	407
404	408
405	409
406	410
407	411
408	412
409	413
410	414
411	415
412	416
413	417
414	418
415	419
416	420
417	421
418	422
419	423
420	424
421	425
422	426
423	427
424	428
425	429
426	303
427	310
428	431
429	508
430	434
431	433
432	435
433	436
434	437
435	438
436	439
437	440
438	441
439	442
440	443
441	509
442	446
443	447
444	448
445	449
446	450
447	451
448	452
449	453
450	454
451	455
452	456
453	457
454	458
455	214
456	215
457	216
458	462
459	463
460	274
461	475
462	466
463	467
464	469
465	472
466	507
467	471
468	503
469	473
470	465
471	474
472	476
473	477
474	478
475	479
476	480
477	481
478	482
479	483
480	484
481	485
482	486
483	487
484	488
485	489
486	490
487	491
488	492
489	493
490	494
491	495
492	496
493	497
494	498
495	499
496	500
497	501
498	502
499	468
500	504
501	470
502	510
503	505
504	511
505	512
506	513
507	514
508	515
509	516
510	517
511	518
512	519
513	520
514	521
515	553
516	623
517	657
518	522
519	523
520	524
521	525
522	526
523	527
524	528
525	529
526	530
527	531
528	532
529	533
530	534
531	535
532	536
533	537
534	538
535	539
536	540
537	541
538	542
539	543
540	544
541	545
542	546
543	547
544	548
545	549
546	550
547	551
548	552
549	554
550	555
551	556
552	557
553	558
554	559
555	560
556	561
557	562
558	563
559	564
560	565
561	566
562	567
563	568
564	569
565	570
566	571
567	572
568	573
569	574
570	575
571	576
572	577
573	578
574	579
575	580
576	581
577	401
578	582
579	583
580	584
581	658
582	585
583	586
584	587
585	588
586	589
587	590
588	591
589	592
590	593
591	594
592	595
593	596
594	597
595	598
596	600
597	599
598	601
599	692
600	603
601	604
602	605
603	606
604	607
605	608
606	609
607	610
608	611
609	612
610	613
611	614
612	615
613	616
614	617
615	618
616	619
617	620
618	621
619	622
620	659
621	679
622	625
623	626
624	627
625	628
626	629
627	630
628	631
629	632
630	633
631	634
632	635
633	636
634	637
635	638
636	639
637	640
638	641
639	642
640	643
641	644
642	645
643	646
644	647
645	648
646	649
647	650
648	651
649	652
650	653
651	654
652	655
653	656
654	660
655	661
656	668
657	669
658	670
659	662
660	282
661	664
662	665
663	666
664	667
665	663
666	676
667	694
668	716
669	671
670	444
671	672
672	673
673	675
674	674
675	677
676	93
677	678
678	680
679	681
680	682
681	684
682	685
683	686
684	687
685	688
686	689
687	690
688	691
689	602
690	693
691	718
692	695
693	696
694	697
695	698
696	699
697	700
698	701
699	702
700	703
701	704
702	705
703	706
704	707
705	708
706	709
707	710
708	711
709	713
710	714
711	715
712	84
713	735
714	868
715	719
716	720
717	721
718	722
719	723
720	724
721	725
722	726
723	727
724	728
725	729
726	730
727	731
728	732
729	733
730	734
731	798
732	736
733	737
734	738
735	740
736	739
737	741
738	742
739	743
740	744
741	745
742	746
743	747
744	748
745	749
746	750
747	751
748	752
749	753
750	754
751	755
752	756
753	757
754	758
755	759
756	760
757	761
758	762
759	764
760	765
761	766
762	767
763	768
764	769
765	770
766	771
767	772
768	773
769	774
770	775
771	776
772	777
773	778
774	779
775	780
776	781
777	782
778	783
779	784
780	785
781	786
782	787
783	788
784	789
785	790
786	791
787	792
788	794
789	793
790	795
791	796
792	797
793	800
794	799
795	869
796	763
797	801
798	802
799	803
800	804
801	805
802	806
803	807
804	809
805	712
806	445
807	810
808	811
809	812
810	813
811	814
812	815
813	816
814	817
815	818
816	819
817	820
818	821
819	822
820	823
821	824
822	825
823	826
824	827
825	828
826	829
827	830
828	831
829	832
830	833
831	834
832	835
833	836
834	837
835	838
836	839
837	840
838	808
839	842
840	843
841	844
842	845
843	846
844	847
845	848
846	849
847	850
848	851
849	852
850	853
851	854
852	855
853	856
854	857
855	858
856	859
857	860
858	861
859	862
860	863
861	864
862	841
863	866
864	867
865	865
866	875
867	870
868	871
869	872
870	873
871	874
872	878
873	879
874	876
875	877
876	86
877	87
878	880
879	881
880	882
881	883
882	884
883	885
884	886
885	887
886	888
887	889
888	890
889	891
890	892
891	893
892	894
893	895
894	896
895	897
896	898
897	899
898	900
899	901
900	902
901	903
902	904
903	905
904	906
905	907
906	908
907	909
908	910
909	911
910	912
911	913
912	914
913	915
914	916
915	917
916	918
917	919
918	920
919	921
920	922
921	923
922	924
923	925
924	926
925	683
926	927
927	928
928	929
929	930
930	931
931	932
932	933
933	934
934	935
935	936
936	937
937	938
938	939
939	940
940	941
941	942
942	943
943	944
944	945
945	946
946	947
947	948
948	949
949	950
950	951
951	952
952	953
953	954
954	955
955	956
956	957
957	958
958	959
959	960
960	961
961	962
962	963
963	964
964	965
965	966
966	967
967	968
968	969
969	970
970	971
971	972
972	973
973	974
974	975
975	976
976	977
977	978
978	979
979	980
980	981
981	982
982	276
983	983
984	984
985	985
986	986
987	987
988	988
989	989
990	990
991	991
992	992
993	993
