0 10
1 15
2 12
3 108
4 89
5 109
6 172
7 29
8 136
9 70
10 178
11 34
12 13
13 167
14 99
15 147
16 19
17 94
18 142
19 155
20 7
21 77
22 138
23 58
24 186
25 129
26 114
27 59
28 54
29 46
30 153
31 118
32 93
33 192
34 151
35 171
36 120
37 74
38 80
39 148
40 62
41 65
42 152
43 72
44 47
45 81
46 166
47 115
48 128
49 179
50 87
51 154
52 135
53 159
54 56
55 163
56 75
57 61
58 121
59 141
60 113
61 91
62 160
63 199
64 50
65 63
66 88
67 111
68 145
69 48
70 30
71 84
72 17
73 35
74 22
75 20
76 45
77 139
78 162
79 125
80 122
81 18
82 150
83 69
84 197
85 66
86 44
87 11
88 146
89 126
90 95
91 194
92 137
93 165
94 49
95 184
96 57
97 52
98 131
99 2
100 164
101 123
102 37
103 158
104 78
105 26
106 175
107 28
108 174
109 198
110 134
111 79
112 0
113 83
114 132
115 76
116 71
117 189
118 85
119 170
120 6
121 16
122 176
123 43
124 82
125 169
126 119
127 149
128 60
129 96
130 14
131 51
132 104
133 127
134 161
135 33
136 116
137 103
138 31
139 190
140 180
141 27
142 107
143 106
144 140
145 102
146 64
147 191
148 144
149 173
150 73
151 4
152 3
153 117
154 105
155 38
156 42
157 41
158 101
159 143
160 40
161 25
162 193
163 8
164 24
165 39
166 130
167 32
168 23
169 112
170 195
171 100
172 68
173 90
174 97
175 9
176 92
177 98
178 168
179 1
180 53
181 182
182 55
183 124
184 86
185 21
186 133
187 196
188 183
189 181
190 36
191 188
192 67
193 177
194 110
195 156
196 5
197 157
198 185
199 187
