0 1147
1 784
2 154
3 814
4 498
5 434
6 40
7 92
8 483
9 806
10 900
11 518
12 365
13 1021
14 948
15 1242
16 225
17 358
18 382
19 78
20 497
21 1081
22 231
23 1254
24 611
25 1077
26 1137
27 708
28 400
29 493
30 1098
31 97
32 1041
33 756
34 55
35 281
36 256
37 777
38 629
39 664
40 481
41 414
42 253
43 33
44 993
45 162
46 953
47 1182
48 1099
49 624
50 1135
51 622
52 965
53 520
54 1012
55 956
56 764
57 192
58 311
59 1133
60 1051
61 404
62 375
63 416
64 155
65 650
66 488
67 1228
68 766
69 632
70 775
71 390
72 41
73 783
74 437
75 635
76 292
77 319
78 1047
79 992
80 402
81 713
82 837
83 296
84 749
85 585
86 787
87 171
88 150
89 1048
90 1084
91 1168
92 1089
93 555
94 808
95 724
96 300
97 567
98 592
99 208
100 996
101 1214
102 369
103 883
104 1191
105 1108
106 394
107 799
108 549
109 506
110 1120
111 593
112 175
113 1136
114 1235
115 478
116 70
117 535
118 873
119 29
120 1198
121 1111
122 939
123 652
124 124
125 1172
126 1038
127 774
128 973
129 1177
130 234
131 275
132 1227
133 827
134 235
135 1053
136 96
137 610
138 46
139 609
140 436
141 514
142 982
143 135
144 1116
145 1110
146 817
147 869
148 763
149 80
150 329
151 1025
152 126
153 1190
154 203
155 480
156 1213
157 458
158 21
159 352
160 306
161 1143
162 744
163 1006
164 565
165 461
166 1095
167 872
168 324
169 1066
170 803
171 429
172 1122
173 1009
174 947
175 271
176 734
177 880
178 885
179 1192
180 58
181 646
182 736
183 601
184 1052
185 726
186 463
187 299
188 1057
189 553
190 1233
191 989
192 399
193 798
194 345
195 981
196 139
197 1232
198 274
199 83
200 674
201 362
202 550
203 66
204 684
205 44
206 174
207 238
208 233
209 1171
210 1230
211 677
212 1080
213 995
214 1107
215 1167
216 1131
217 933
218 959
219 164
220 1082
221 15
222 705
223 62
224 1206
225 322
226 660
227 482
228 1160
229 1007
230 1092
231 447
232 1005
233 1026
234 1034
235 209
236 954
237 115
238 967
239 962
240 37
241 867
242 149
243 1216
244 286
245 93
246 927
247 771
248 1146
249 215
250 106
251 1162
252 961
253 142
254 758
255 406
256 1043
257 830
258 178
259 839
260 288
261 405
262 1119
263 30
264 223
265 1056
266 536
267 342
268 994
269 810
270 297
271 1226
272 71
273 517
274 1101
275 645
276 1165
277 1015
278 489
279 707
280 1194
281 363
282 442
283 103
284 397
285 544
286 630
287 503
288 182
289 528
290 985
291 794
292 76
293 851
294 323
295 85
296 914
297 387
298 90
299 473
300 1169
301 487
302 250
303 938
304 1072
305 137
306 224
307 909
308 350
309 738
310 1180
311 643
312 1067
313 396
314 696
315 668
316 835
317 1152
318 974
319 456
320 285
321 843
322 81
323 676
324 819
325 979
326 998
327 199
328 702
329 964
330 665
331 315
332 691
333 600
334 158
335 1197
336 818
337 186
338 125
339 718
340 316
341 131
342 72
343 353
344 916
345 859
346 438
347 163
348 1239
349 795
350 361
351 459
352 890
353 530
354 280
355 578
356 1215
357 1138
358 1243
359 86
360 1186
361 386
362 895
363 214
364 101
365 949
366 1118
367 191
368 197
369 418
370 241
371 1011
372 975
373 59
374 260
375 479
376 742
377 1150
378 866
379 247
380 765
381 918
382 331
383 658
384 901
385 237
386 420
387 913
388 832
389 1252
390 1244
391 791
392 1140
393 934
394 573
395 249
396 336
397 531
398 878
399 1246
400 407
401 1064
402 857
403 1093
404 978
405 651
406 1155
407 845
408 1013
409 508
410 52
411 1210
412 341
413 460
414 568
415 413
416 801
417 865
418 24
419 552
420 427
421 1102
422 272
423 1200
424 269
425 403
426 730
427 392
428 672
429 302
430 584
431 1106
432 205
433 893
434 820
435 1238
436 930
437 1153
438 1061
439 575
440 1237
441 856
442 122
443 1023
444 1203
445 1037
446 1161
447 36
448 1179
449 441
450 619
451 204
452 393
453 846
454 526
455 156
456 304
457 321
458 861
459 790
460 1071
461 218
462 559
463 541
464 1223
465 198
466 712
467 886
468 527
469 87
470 811
471 439
472 824
473 491
474 566
475 1018
476 1049
477 82
478 816
479 1175
480 48
481 1087
482 841
483 270
484 802
485 410
486 510
487 1218
488 1000
489 91
490 264
491 104
492 128
493 540
494 17
495 102
496 293
497 455
498 737
499 305
500 560
501 140
502 523
503 582
504 1036
505 1029
506 919
507 762
508 338
509 242
510 34
511 925
512 385
513 663
514 678
515 188
516 701
517 141
518 1196
519 608
520 716
521 1184
522 906
523 675
524 990
525 556
526 613
527 417
528 682
529 35
530 194
531 789
532 943
533 1145
534 157
535 53
536 196
537 1033
538 640
539 1124
540 477
541 73
542 1010
543 39
544 881
545 571
546 189
547 831
548 132
549 347
550 486
551 940
552 786
553 1016
554 435
555 1078
556 206
557 448
558 120
559 1086
560 357
561 589
562 910
563 337
564 409
565 419
566 1069
567 398
568 1103
569 891
570 683
571 1002
572 942
573 27
574 932
575 326
576 219
577 1164
578 986
579 889
580 380
581 627
582 586
583 151
584 581
585 88
586 1234
587 847
588 594
589 759
590 963
591 524
592 1128
593 804
594 821
595 1225
596 243
597 468
598 505
599 1154
600 704
601 1044
602 539
603 466
604 1060
605 617
606 1035
607 94
608 8
609 1207
610 351
611 951
612 944
613 1183
614 117
615 785
616 1073
617 245
618 1189
619 425
620 166
621 325
622 703
623 1059
624 432
625 10
626 64
627 1163
628 626
629 871
630 838
631 169
632 1251
633 602
634 213
635 16
636 662
637 719
638 695
639 1174
640 710
641 1003
642 11
643 958
644 563
645 279
646 373
647 700
648 167
649 355
650 960
651 1256
652 45
653 723
654 2
655 825
656 301
657 970
658 368
659 1054
660 673
661 604
662 1076
663 366
664 490
665 99
666 615
667 12
668 475
669 283
670 1222
671 569
672 1212
673 1058
674 501
675 1105
676 551
677 244
678 111
679 780
680 667
681 1139
682 739
683 1100
684 84
685 862
686 687
687 987
688 579
689 793
690 750
691 714
692 457
693 391
694 591
695 378
696 915
697 421
698 805
699 123
700 212
701 129
702 127
703 829
704 753
705 1022
706 562
707 371
708 863
709 558
710 276
711 813
712 547
713 727
714 743
715 649
716 728
717 327
718 308
719 828
720 176
721 905
722 512
723 902
724 957
725 185
726 685
727 445
728 950
729 220
730 50
731 408
732 849
733 383
734 952
735 138
736 533
737 284
738 1220
739 344
740 722
741 384
742 239
743 543
744 694
745 267
746 1208
747 1211
748 1132
749 529
750 1141
751 252
752 926
753 1097
754 1070
755 697
756 1109
757 904
758 109
759 1166
760 773
761 431
762 577
763 13
764 31
765 842
766 792
767 732
768 955
769 688
770 1148
771 282
772 146
773 689
774 19
775 693
776 782
777 462
778 642
779 290
780 313
781 343
782 894
783 32
784 928
785 130
786 647
787 376
788 1249
789 826
790 1074
791 770
792 56
793 474
794 412
795 484
796 100
797 75
798 49
799 855
800 1130
801 1019
802 411
803 415
804 729
805 202
806 210
807 921
808 307
809 356
810 1204
811 1027
812 768
813 340
814 502
815 173
816 1030
817 14
818 1247
819 485
820 1042
821 999
822 769
823 183
824 367
825 51
826 172
827 1014
828 709
829 1079
830 133
831 561
832 509
833 159
834 698
835 1245
836 278
837 47
838 1115
839 537
840 1205
841 877
842 755
843 800
844 291
845 1112
846 625
847 516
848 822
849 977
850 587
851 389
852 1017
853 882
854 1088
855 576
856 116
857 1158
858 603
859 983
860 897
861 4
862 1117
863 836
864 177
865 372
866 89
867 200
868 454
869 1181
870 598
871 121
872 1195
873 844
874 1178
875 854
876 1236
877 606
878 796
879 261
880 892
881 1241
882 1008
883 147
884 887
885 181
886 666
887 0
888 1091
889 931
890 721
891 715
892 875
893 772
894 1193
895 377
896 240
897 636
898 333
899 453
900 976
901 1090
902 751
903 310
904 988
905 899
906 5
907 426
908 25
909 211
910 465
911 143
912 848
913 1096
914 471
915 1055
916 440
917 364
918 259
919 187
920 1187
921 428
922 119
923 1114
924 776
925 580
926 908
927 298
928 554
929 499
930 216
931 1229
932 515
933 446
934 1201
935 599
936 374
937 972
938 134
939 226
940 1094
941 1001
942 628
943 858
944 614
945 853
946 18
947 444
948 165
949 370
950 657
951 114
952 467
953 1040
954 740
955 469
956 294
957 898
958 760
959 1121
960 924
961 654
962 248
963 644
964 334
965 320
966 966
967 997
968 258
969 618
970 195
971 788
972 720
973 686
974 359
975 74
976 767
977 1129
978 879
979 607
980 395
981 262
982 1028
983 257
984 152
985 430
986 69
987 170
988 621
989 671
990 538
991 63
992 266
993 1004
994 354
995 1123
996 348
997 1253
998 433
999 179
1000 864
1001 349
1002 105
1003 161
1004 945
1005 494
1006 107
1007 1142
1008 136
1009 917
1010 681
1011 464
1012 936
1013 807
1014 268
1015 1219
1016 207
1017 922
1018 741
1019 653
1020 706
1021 42
1022 168
1023 1156
1024 907
1025 263
1026 330
1027 1024
1028 67
1029 1104
1030 229
1031 20
1032 381
1033 424
1034 379
1035 148
1036 472
1037 1199
1038 570
1039 911
1040 180
1041 449
1042 360
1043 631
1044 638
1045 470
1046 680
1047 752
1048 690
1049 332
1050 597
1051 65
1052 920
1053 6
1054 451
1055 761
1056 519
1057 746
1058 929
1059 1170
1060 273
1061 532
1062 1157
1063 318
1064 781
1065 1257
1066 1255
1067 77
1068 423
1069 507
1070 735
1071 888
1072 201
1073 1134
1074 545
1075 583
1076 9
1077 745
1078 923
1079 733
1080 661
1081 1144
1082 145
1083 754
1084 620
1085 309
1086 1224
1087 1176
1088 1231
1089 748
1090 314
1091 623
1092 852
1093 725
1094 648
1095 937
1096 335
1097 656
1098 184
1099 3
1100 492
1101 884
1102 254
1103 850
1104 1020
1105 443
1106 542
1107 596
1108 1185
1109 144
1110 823
1111 876
1112 941
1113 912
1114 7
1115 969
1116 692
1117 980
1118 797
1119 422
1120 193
1121 564
1122 277
1123 79
1124 1083
1125 1127
1126 896
1127 1173
1128 590
1129 236
1130 43
1131 659
1132 779
1133 61
1134 717
1135 860
1136 670
1137 588
1138 946
1139 228
1140 251
1141 595
1142 227
1143 495
1144 546
1145 812
1146 1032
1147 815
1148 809
1149 757
1150 303
1151 637
1152 255
1153 521
1154 1209
1155 616
1156 1045
1157 500
1158 1039
1159 1085
1160 1151
1161 26
1162 1065
1163 522
1164 95
1165 1202
1166 328
1167 54
1168 840
1169 1031
1170 110
1171 108
1172 557
1173 971
1174 1250
1175 605
1176 160
1177 1075
1178 778
1179 574
1180 991
1181 118
1182 476
1183 60
1184 903
1185 747
1186 699
1187 222
1188 634
1189 1068
1190 874
1191 295
1192 870
1193 246
1194 968
1195 572
1196 1248
1197 1126
1198 534
1199 1050
1200 1046
1201 639
1202 68
1203 641
1204 1217
1205 633
1206 230
1207 113
1208 1125
1209 548
1210 935
1211 1149
1212 217
1213 450
1214 504
1215 1188
1216 1063
1217 1062
1218 513
1219 1240
1220 153
1221 287
1222 711
1223 388
1224 38
1225 98
1226 401
1227 833
1228 346
1229 655
1230 525
1231 984
1232 612
1233 679
1234 339
1235 511
1236 232
1237 265
1238 221
1239 22
1240 289
1241 1221
1242 23
1243 112
1244 28
1245 868
1246 496
1247 1159
1248 317
1249 452
1250 834
1251 731
1252 312
1253 669
1254 190
1255 57
1256 1113
1257 1
