0 140
1 290
2 2481
3 2635
4 1560
5 230
6 2566
7 1604
8 1128
9 207
10 2591
11 1339
12 2764
13 1596
14 2255
15 2266
16 1015
17 1680
18 961
19 777
20 1861
21 121
22 2562
23 2035
24 2662
25 1796
26 1921
27 297
28 381
29 886
30 1990
31 1625
32 1227
33 747
34 1062
35 1399
36 1862
37 1528
38 1067
39 1573
40 566
41 1014
42 610
43 1946
44 667
45 450
46 829
47 928
48 704
49 277
50 1247
51 915
52 783
53 803
54 2445
55 827
56 1885
57 805
58 476
59 154
60 2773
61 597
62 742
63 1018
64 385
65 1365
66 858
67 806
68 651
69 2065
70 1420
71 2710
72 2107
73 1648
74 1435
75 1235
76 1474
77 1661
78 2260
79 1671
80 1079
81 307
82 506
83 782
84 243
85 1176
86 1542
87 1068
88 621
89 2774
90 2425
91 901
92 74
93 2247
94 1046
95 495
96 153
97 977
98 1307
99 1202
100 894
101 1329
102 1718
103 2695
104 2597
105 2675
106 972
107 1413
108 1784
109 2453
110 474
111 1245
112 2748
113 1472
114 2166
115 688
116 1544
117 2373
118 77
119 275
120 270
121 1757
122 2564
123 701
124 303
125 1951
126 2468
127 594
128 581
129 1518
130 326
131 313
132 2262
133 2032
134 362
135 2702
136 2322
137 438
138 1295
139 2592
140 689
141 1579
142 1147
143 943
144 1169
145 1144
146 1906
147 2487
148 203
149 1440
150 2534
151 1122
152 1731
153 836
154 2349
155 1569
156 1611
157 802
158 1633
159 2193
160 2315
161 1257
162 1586
163 2687
164 389
165 1559
166 1968
167 1723
168 550
169 2776
170 2619
171 1359
172 2340
173 208
174 1159
175 1705
176 987
177 2155
178 768
179 2618
180 2183
181 2429
182 555
183 2250
184 271
185 2598
186 544
187 2366
188 58
189 1986
190 2021
191 2177
192 878
193 2290
194 939
195 1920
196 427
197 341
198 2234
199 801
200 2280
201 1868
202 1516
203 363
204 991
205 310
206 1497
207 1239
208 2600
209 2571
210 38
211 1028
212 2102
213 1714
214 1501
215 2228
216 1964
217 1900
218 2088
219 534
220 576
221 593
222 2122
223 36
224 2167
225 990
226 2522
227 2624
228 1773
229 383
230 443
231 493
232 2573
233 2786
234 2659
235 365
236 1123
237 2095
238 830
239 2700
240 891
241 784
242 88
243 2581
244 2007
245 763
246 1594
247 2485
248 1834
249 707
250 54
251 1432
252 163
253 565
254 2034
255 2303
256 2733
257 244
258 1211
259 1153
260 787
261 444
262 2292
263 1955
264 692
265 1113
266 788
267 539
268 968
269 1889
270 1491
271 2162
272 557
273 1584
274 2514
275 198
276 412
277 410
278 855
279 705
280 285
281 2341
282 1345
283 51
284 1996
285 1880
286 2318
287 1681
288 516
289 199
290 2678
291 139
292 2098
293 1033
294 2796
295 2085
296 421
297 2245
298 2031
299 494
300 559
301 1810
302 1027
303 1042
304 1024
305 2570
306 2321
307 931
308 263
309 100
310 1989
311 2117
312 2049
313 2398
314 2037
315 43
316 730
317 1547
318 1645
319 89
320 128
321 537
322 2553
323 1789
324 296
325 299
326 2377
327 1078
328 406
329 1233
330 2197
331 2557
332 2288
333 1825
334 2277
335 1230
336 583
337 809
338 22
339 1831
340 2243
341 2283
342 289
343 2750
344 2806
345 73
346 19
347 34
348 2074
349 1495
350 618
351 214
352 27
353 40
354 2100
355 856
356 1572
357 1690
358 2744
359 1116
360 938
361 954
362 1114
363 2811
364 947
365 1220
366 844
367 344
368 1715
369 1094
370 1450
371 1223
372 1598
373 2299
374 2509
375 2483
376 215
377 352
378 1550
379 585
380 5
381 2400
382 514
383 1605
384 1821
385 2286
386 497
387 1458
388 1678
389 1030
390 1612
391 982
392 402
393 2384
394 2706
395 1490
396 2593
397 1733
398 484
399 857
400 2130
401 2729
402 1591
403 728
404 2152
405 2151
406 2348
407 1314
408 2215
409 794
410 1110
411 298
412 1717
413 743
414 84
415 1214
416 2586
417 2711
418 1976
419 2602
420 1970
421 2093
422 1300
423 1388
424 62
425 1416
426 1205
427 967
428 2413
429 1444
430 1179
431 2137
432 2680
433 1978
434 1526
435 748
436 186
437 741
438 2555
439 708
440 1872
441 956
442 2009
443 538
444 2240
445 1722
446 1340
447 342
448 1460
449 1545
450 964
451 2683
452 2410
453 1563
454 1479
455 1480
456 1649
457 2495
458 1101
459 1375
460 718
461 512
462 2613
463 1785
464 1753
465 899
466 1935
467 2079
468 1505
469 3
470 258
471 1856
472 1201
473 2415
474 1070
475 1092
476 333
477 1636
478 2110
479 284
480 1732
481 308
482 1269
483 424
484 776
485 699
486 2048
487 1884
488 2208
489 282
490 1982
491 81
492 1966
493 2158
494 2781
495 1836
496 314
497 2704
498 6
499 1995
500 1770
501 94
502 1140
503 417
504 1766
505 268
506 129
507 2688
508 568
509 12
510 1698
511 1422
512 1180
513 1739
514 1507
515 2494
516 902
517 1406
518 2060
519 2337
520 2026
521 2616
522 1767
523 1537
524 2002
525 2153
526 13
527 376
528 1992
529 1011
530 2090
531 1815
532 1451
533 120
534 2532
535 449
536 1588
537 431
538 1601
539 1848
540 1332
541 524
542 2301
543 288
544 2172
545 542
546 2699
547 1183
548 601
549 1397
550 65
551 2087
552 1020
553 1356
554 1308
555 2730
556 2382
557 2646
558 1914
559 754
560 1654
561 2344
562 1959
563 49
564 1512
565 1811
566 2601
567 2779
568 1553
569 2713
570 2302
571 239
572 1950
573 960
574 2113
575 867
576 2691
577 2538
578 1404
579 1066
580 2792
581 1455
582 1360
583 301
584 113
585 1421
586 2456
587 2314
588 222
589 1826
590 2623
591 1377
592 2298
593 813
594 141
595 330
596 1407
597 863
598 1760
599 2157
600 683
601 737
602 1931
603 1457
604 937
605 440
606 2828
607 428
608 2338
609 662
610 2488
611 518
612 1288
613 1312
614 46
615 1699
616 2232
617 890
618 2173
619 2826
620 1820
621 2328
622 104
623 2281
624 1764
625 712
626 1348
627 1984
628 1376
629 1993
630 826
631 2387
632 2067
633 1006
634 390
635 1380
636 833
637 978
638 837
639 2760
640 2112
641 2078
642 1694
643 2139
644 791
645 1525
646 1684
647 1193
648 1041
649 1417
650 21
651 1242
652 1250
653 793
654 132
655 2816
656 1744
657 2479
658 2039
659 2740
660 98
661 560
662 1707
663 604
664 1433
665 1882
666 2336
667 2530
668 910
669 409
670 2154
671 2165
672 917
673 2334
674 1832
675 134
676 1886
677 1511
678 2392
679 1240
680 2068
681 2480
682 719
683 496
684 2823
685 2323
686 530
687 50
688 780
689 2568
690 1857
691 839
692 546
693 1492
694 994
695 2332
696 842
697 602
698 2628
699 175
700 2649
701 2753
702 1890
703 1936
704 561
705 2282
706 1860
707 812
708 2807
709 1398
710 808
711 697
712 2590
713 2794
714 435
715 302
716 1888
717 1643
718 1620
719 1126
720 1613
721 1853
722 1721
723 1452
724 1503
725 2637
726 549
727 1877
728 1143
729 1979
730 361
731 2063
732 2604
733 2399
734 1674
735 1911
736 1461
737 1090
738 981
739 1121
740 510
741 2071
742 2411
743 1285
744 2362
745 889
746 1802
747 17
748 720
749 445
750 758
751 861
752 1608
753 79
754 2507
755 2159
756 2471
757 349
758 1222
759 2500
760 1879
761 2375
762 609
763 1258
764 52
765 1523
766 2391
767 471
768 2569
769 1134
770 1520
771 1043
772 2191
773 1049
774 691
775 1768
776 375
777 1419
778 261
779 179
780 2324
781 2612
782 797
783 1589
784 1870
785 2644
786 133
787 2825
788 15
789 1349
790 170
791 1342
792 1017
793 2546
794 2389
795 1254
796 61
797 2504
798 625
799 1484
800 605
801 1634
802 1786
803 149
804 1981
805 1064
806 67
807 2660
808 2244
809 463
810 2190
811 267
812 382
813 1918
814 1368
815 818
816 686
817 1166
818 2124
819 1923
820 1927
821 2491
822 96
823 713
824 2029
825 1426
826 883
827 671
828 1953
829 2589
830 2580
831 1396
832 1502
833 819
834 1346
835 582
836 1089
837 735
838 1019
839 1478
840 1149
841 2295
842 2091
843 249
844 1056
845 1581
846 351
847 1402
848 2086
849 619
850 2271
851 1405
852 2380
853 1034
854 1387
855 912
856 1275
857 456
858 184
859 527
860 1841
861 569
862 63
863 1471
864 37
865 1190
866 1184
867 586
868 1084
869 2523
870 1305
871 337
872 1207
873 2248
874 2638
875 2754
876 416
877 1632
878 336
879 1543
880 726
881 504
882 1855
883 2789
884 903
885 2751
886 904
887 2486
888 2677
889 2769
890 2229
891 2020
892 541
893 1517
894 2783
895 1481
896 1610
897 1088
898 871
899 1638
900 475
901 1941
902 1268
903 1155
904 872
905 1099
906 1637
907 876
908 254
909 1983
910 2685
911 926
912 1675
913 1750
914 914
915 2724
916 673
917 423
918 898
919 807
920 1567
921 1237
922 257
923 2062
924 769
925 1425
926 1058
927 1355
928 1040
929 2749
930 1463
931 2669
932 454
933 2041
934 995
935 766
936 1778
937 1130
938 1210
939 2556
940 266
941 1873
942 2386
943 82
944 218
945 491
946 1551
947 884
948 1894
949 1100
950 1521
951 2394
952 1751
953 1294
954 1994
955 2827
956 358
957 394
958 2463
959 2820
960 1960
961 2698
962 2426
963 1626
964 1412
965 1301
966 468
967 687
968 700
969 1081
970 2563
971 1323
972 1178
973 992
974 188
975 502
976 1192
977 404
978 1907
979 800
980 573
981 893
982 1509
983 2033
984 1762
985 122
986 1302
987 1129
988 507
989 547
990 924
991 1127
992 1761
993 1747
994 997
995 1899
996 1283
997 2642
998 2759
999 940
1000 1991
1001 1827
1002 321
1003 600
1004 941
1005 345
1006 2019
1007 2059
1008 2603
1009 201
1010 1029
1011 499
1012 865
1013 1847
1014 1482
1015 942
1016 447
1017 2374
1018 1204
1019 558
1020 2132
1021 262
1022 965
1023 2743
1024 272
1025 945
1026 854
1027 2023
1028 455
1029 185
1030 2201
1031 126
1032 1091
1033 564
1034 379
1035 2164
1036 500
1037 2072
1038 1382
1039 1318
1040 1321
1041 2225
1042 136
1043 709
1044 437
1045 2066
1046 305
1047 696
1048 1901
1049 441
1050 1823
1051 2213
1052 2560
1053 2081
1054 1372
1055 759
1056 1393
1057 169
1058 1351
1059 202
1060 617
1061 1489
1062 958
1063 976
1064 628
1065 732
1066 2537
1067 119
1068 2808
1069 1274
1070 1915
1071 35
1072 1087
1073 316
1074 2257
1075 127
1076 664
1077 384
1078 1320
1079 2133
1080 1607
1081 2712
1082 1437
1083 2310
1084 1561
1085 414
1086 838
1087 241
1088 360
1089 269
1090 1754
1091 1555
1092 2372
1093 276
1094 980
1095 1477
1096 1954
1097 1977
1098 2578
1099 1284
1100 2289
1101 716
1102 862
1103 851
1104 479
1105 1185
1106 562
1107 2715
1108 2756
1109 2467
1110 875
1111 554
1112 2223
1113 690
1114 1276
1115 1216
1116 1710
1117 2697
1118 472
1119 2817
1120 1504
1121 1803
1122 1496
1123 434
1124 1002
1125 1032
1126 2614
1127 2421
1128 1619
1129 1574
1130 920
1131 403
1132 1000
1133 2824
1134 2275
1135 1409
1136 642
1137 477
1138 2003
1139 2305
1140 823
1141 905
1142 2401
1143 95
1144 1298
1145 1535
1146 2531
1147 492
1148 1539
1149 2206
1150 828
1151 1658
1152 848
1153 1876
1154 2785
1155 1253
1156 2226
1157 611
1158 2689
1159 1749
1160 1296
1161 2802
1162 2149
1163 2511
1164 48
1165 2800
1166 2723
1167 2222
1168 1651
1169 2099
1170 422
1171 2433
1172 2040
1173 335
1174 567
1175 2094
1176 411
1177 11
1178 2757
1179 880
1180 274
1181 1692
1182 467
1183 2210
1184 2308
1185 1701
1186 1845
1187 1428
1188 639
1189 860
1190 2405
1191 251
1192 1700
1193 1317
1194 1055
1195 2224
1196 2641
1197 1170
1198 1817
1199 661
1200 1486
1201 1663
1202 2755
1203 916
1204 1737
1205 874
1206 1655
1207 2036
1208 2385
1209 656
1210 2707
1211 888
1212 1726
1213 563
1214 1639
1215 2053
1216 2125
1217 1423
1218 131
1219 1082
1220 221
1221 843
1222 2497
1223 1328
1224 2096
1225 2547
1226 2134
1227 630
1228 26
1229 2457
1230 1483
1231 1424
1232 462
1233 2455
1234 2477
1235 2242
1236 727
1237 1858
1238 760
1239 1468
1240 2605
1241 2454
1242 2203
1243 2466
1244 1664
1245 110
1246 1392
1247 2378
1248 1456
1249 41
1250 984
1251 1910
1252 1975
1253 1850
1254 167
1255 229
1256 107
1257 2311
1258 1262
1259 1158
1260 657
1261 2661
1262 2209
1263 2505
1264 979
1265 1273
1266 1434
1267 2138
1268 191
1269 1925
1270 2076
1271 2412
1272 1012
1273 171
1274 2746
1275 2056
1276 368
1277 16
1278 1863
1279 634
1280 873
1281 2249
1282 1713
1283 1702
1284 998
1285 293
1286 369
1287 1756
1288 2588
1289 761
1290 1904
1291 1792
1292 317
1293 397
1294 1334
1295 2610
1296 2651
1297 1357
1298 2339
1299 2221
1300 2656
1301 1790
1302 711
1303 2536
1304 1232
1305 2369
1306 1217
1307 1809
1308 2667
1309 1819
1310 2525
1311 1331
1312 2351
1313 2258
1314 1865
1315 287
1316 259
1317 1007
1318 2821
1319 1618
1320 2144
1321 1727
1322 1206
1323 1209
1324 2527
1325 1261
1326 1499
1327 1924
1328 1772
1329 2535
1330 2435
1331 2013
1332 1635
1333 2058
1334 2621
1335 2510
1336 2526
1337 150
1338 1095
1339 1515
1340 522
1341 1266
1342 2432
1343 68
1344 1898
1345 294
1346 2439
1347 740
1348 331
1349 2703
1350 635
1351 1958
1352 2204
1353 2548
1354 2693
1355 1524
1356 1044
1357 2008
1358 2070
1359 1282
1360 418
1361 543
1362 1854
1363 804
1364 2246
1365 1447
1366 355
1367 1215
1368 1708
1369 1917
1370 1602
1371 1106
1372 1552
1373 1630
1374 1341
1375 465
1376 2801
1377 30
1378 1930
1379 2265
1380 1251
1381 933
1382 2739
1383 2752
1384 2050
1385 464
1386 1745
1387 220
1388 2818
1389 1229
1390 1546
1391 1429
1392 1311
1393 2734
1394 24
1395 1277
1396 647
1397 2452
1398 1640
1399 8
1400 2186
1401 180
1402 1800
1403 1436
1404 2179
1405 936
1406 733
1407 2640
1408 1905
1409 725
1410 2528
1411 1556
1412 591
1413 1120
1414 822
1415 31
1416 1001
1417 1582
1418 2364
1419 2681
1420 340
1421 2830
1422 159
1423 2422
1424 2708
1425 217
1426 736
1427 2577
1428 2519
1429 2722
1430 1500
1431 2419
1432 1381
1433 2220
1434 2529
1435 2123
1436 2758
1437 1971
1438 56
1439 2207
1440 1473
1441 1135
1442 1177
1443 668
1444 25
1445 1171
1446 2596
1447 1804
1448 587
1449 1350
1450 2233
1451 515
1452 430
1453 536
1454 114
1455 755
1456 350
1457 1224
1458 442
1459 535
1460 182
1461 1629
1462 729
1463 1391
1464 1076
1465 2814
1466 1265
1467 675
1468 1706
1469 1117
1470 1622
1471 458
1472 2686
1473 2626
1474 2539
1475 869
1476 1466
1477 1498
1478 655
1479 572
1480 2393
1481 2285
1482 219
1483 2163
1484 1173
1485 2129
1486 1575
1487 2018
1488 1945
1489 246
1490 2370
1491 2666
1492 1333
1493 2235
1494 197
1495 993
1496 1719
1497 749
1498 227
1499 918
1500 2549
1501 1840
1502 923
1503 932
1504 2810
1505 1395
1506 929
1507 2655
1508 1344
1509 528
1510 1519
1511 2493
1512 237
1513 1599
1514 2645
1515 1401
1516 1583
1517 2694
1518 1805
1519 408
1520 2718
1521 663
1522 1729
1523 1083
1524 2595
1525 2326
1526 2720
1527 1606
1528 2765
1529 2184
1530 612
1531 2196
1532 989
1533 698
1534 2330
1535 1194
1536 2390
1537 309
1538 702
1539 1445
1540 1306
1541 160
1542 2438
1543 1038
1544 2458
1545 76
1546 135
1547 669
1548 1175
1549 935
1550 1616
1551 2218
1552 1562
1553 613
1554 1238
1555 921
1556 498
1557 2747
1558 2499
1559 1812
1560 1967
1561 2492
1562 1540
1563 767
1564 2448
1565 2541
1566 1672
1567 1580
1568 2726
1569 885
1570 1132
1571 2403
1572 1161
1573 710
1574 20
1575 364
1576 1218
1577 1142
1578 1431
1579 974
1580 53
1581 906
1582 1025
1583 2611
1584 2434
1585 2423
1586 209
1587 1469
1588 2805
1589 195
1590 1801
1591 190
1592 2294
1593 1063
1594 734
1595 505
1596 2674
1597 1085
1598 318
1599 909
1600 1590
1601 2274
1602 1335
1603 439
1604 548
1605 23
1606 1600
1607 1071
1608 1139
1609 1670
1610 419
1611 1255
1612 2460
1613 615
1614 1609
1615 1576
1616 531
1617 319
1618 32
1619 1685
1620 841
1621 7
1622 212
1623 1390
1624 1653
1625 2705
1626 457
1627 859
1628 116
1629 283
1630 2508
1631 102
1632 1720
1633 521
1634 850
1635 1771
1636 108
1637 792
1638 66
1639 946
1640 1039
1641 1909
1642 2474
1643 1448
1644 1293
1645 2518
1646 1280
1647 552
1648 2815
1649 1740
1650 1353
1651 975
1652 868
1653 2822
1654 1189
1655 1115
1656 1695
1657 752
1658 1844
1659 608
1660 866
1661 986
1662 533
1663 1595
1664 2790
1665 1036
1666 2561
1667 1506
1668 2793
1669 1922
1670 1842
1671 1137
1672 1362
1673 109
1674 1152
1675 1752
1676 2261
1677 648
1678 1548
1679 111
1680 1102
1681 2627
1682 1373
1683 2194
1684 944
1685 1198
1686 590
1687 1021
1688 1199
1689 2585
1690 674
1691 2777
1692 540
1693 835
1694 2517
1695 962
1696 55
1697 1267
1698 1442
1699 629
1700 2787
1701 1807
1702 2350
1703 685
1704 756
1705 2355
1706 2567
1707 156
1708 354
1709 2450
1710 511
1711 1228
1712 2043
1713 575
1714 1475
1715 1565
1716 1557
1717 2663
1718 332
1719 1009
1720 1943
1721 2016
1722 1286
1723 1476
1724 1427
1725 147
1726 2630
1727 2352
1728 1162
1729 377
1730 1430
1731 2313
1732 2236
1733 1597
1734 1780
1735 2430
1736 2175
1737 2775
1738 1667
1739 2227
1740 1146
1741 250
1742 588
1743 1892
1744 1410
1745 955
1746 1969
1747 2180
1748 1
1749 1679
1750 1292
1751 1724
1752 2473
1753 396
1754 2417
1755 322
1756 228
1757 1112
1758 1297
1759 881
1760 177
1761 2408
1762 1487
1763 142
1764 2721
1765 105
1766 1568
1767 1972
1768 353
1769 988
1770 1212
1771 2692
1772 1913
1773 320
1774 1541
1775 2397
1776 1896
1777 2024
1778 2148
1779 623
1780 2015
1781 1157
1782 1165
1783 2552
1784 387
1785 59
1786 2725
1787 1624
1788 2658
1789 187
1790 2584
1791 2150
1792 1522
1793 1005
1794 1887
1795 1065
1796 1213
1797 603
1798 388
1799 2128
1800 1571
1801 1454
1802 323
1803 1627
1804 731
1805 103
1806 900
1807 1319
1808 157
1809 2097
1810 652
1811 2813
1812 1103
1813 815
1814 1263
1815 1642
1816 1527
1817 2296
1818 2055
1819 1013
1820 1554
1821 1136
1822 897
1823 2521
1824 1182
1825 2579
1826 1093
1827 143
1828 87
1829 343
1830 2476
1831 1755
1832 501
1833 744
1834 2383
1835 1944
1836 2109
1837 1956
1838 1669
1839 2256
1840 532
1841 278
1842 2161
1843 2767
1844 1259
1845 1037
1846 240
1847 2142
1848 816
1849 2381
1850 2211
1851 324
1852 1358
1853 2038
1854 2728
1855 1531
1856 584
1857 626
1858 1843
1859 2089
1860 138
1861 1310
1862 2171
1863 1389
1864 295
1865 70
1866 778
1867 466
1868 1408
1869 1903
1870 840
1871 158
1872 69
1873 2599
1874 57
1875 1364
1876 1374
1877 2451
1878 1256
1879 849
1880 2406
1881 649
1882 327
1883 953
1884 1279
1885 192
1886 2771
1887 757
1888 1818
1889 764
1890 1824
1891 1530
1892 260
1893 1940
1894 1677
1895 2358
1896 181
1897 745
1898 1385
1899 1536
1900 574
1901 2583
1902 1564
1903 328
1904 1289
1905 2482
1906 2679
1907 2365
1908 2011
1909 1107
1910 452
1911 2684
1912 2174
1913 338
1914 1716
1915 2797
1916 2182
1917 1411
1918 235
1919 1249
1920 1313
1921 896
1922 895
1923 879
1924 1366
1925 2168
1926 825
1927 2333
1928 1278
1929 1774
1930 2540
1931 654
1932 1072
1933 2672
1934 2253
1935 1236
1936 1514
1937 2653
1938 1779
1939 398
1940 1383
1941 1195
1942 2625
1943 1703
1944 2437
1945 2367
1946 1086
1947 1023
1948 1379
1949 168
1950 1666
1951 1534
1952 1186
1953 1806
1954 473
1955 2119
1956 2263
1957 1985
1958 1272
1959 112
1960 2788
1961 176
1962 519
1963 2799
1964 1949
1965 2461
1966 1566
1967 1833
1968 821
1969 1937
1970 773
1971 2664
1972 1485
1973 1026
1974 1226
1975 2615
1976 517
1977 2428
1978 2576
1979 2057
1980 2189
1981 1196
1982 796
1983 959
1984 391
1985 118
1986 1965
1987 790
1988 1928
1989 556
1990 2195
1991 2524
1992 1808
1993 2127
1994 2199
1995 1686
1996 172
1997 1203
1998 436
1999 864
2000 2145
2001 1337
2002 2230
2003 166
2004 1938
2005 824
2006 2673
2007 2343
2008 372
2009 2327
2010 2606
2011 640
2012 1728
2013 2424
2014 2582
2015 579
2016 1738
2017 2185
2018 1662
2019 1449
2020 380
2021 1735
2022 164
2023 2042
2024 1316
2025 2241
2026 9
2027 2025
2028 371
2029 1788
2030 1243
2031 2772
2032 723
2033 2636
2034 2017
2035 2559
2036 1363
2037 2205
2038 676
2039 1758
2040 1438
2041 1324
2042 2075
2043 470
2044 2617
2045 60
2046 1057
2047 400
2048 2622
2049 356
2050 750
2051 834
2052 279
2053 1059
2054 446
2055 39
2056 1947
2057 2331
2058 420
2059 520
2060 2010
2061 1252
2062 448
2063 124
2064 2572
2065 2073
2066 1741
2067 2551
2068 1849
2069 2513
2070 1628
2071 28
2072 2657
2073 2028
2074 1776
2075 832
2076 2639
2077 407
2078 1052
2079 1859
2080 200
2081 1829
2082 911
2083 255
2084 1315
2085 631
2086 311
2087 2254
2088 1793
2089 1659
2090 189
2091 1867
2092 245
2093 1647
2094 1111
2095 2202
2096 2829
2097 2300
2098 432
2099 2768
2100 123
2101 2545
2102 2440
2103 1053
2104 570
2105 1188
2106 1822
2107 1441
2108 1683
2109 1464
2110 1415
2111 2682
2112 1871
2113 2126
2114 717
2115 2761
2116 1234
2117 2414
2118 1097
2119 1852
2120 2665
2121 1418
2122 2116
2123 2214
2124 1897
2125 2643
2126 469
2127 706
2128 1866
2129 1712
2130 306
2131 2478
2132 152
2133 2795
2134 2160
2135 370
2136 1709
2137 1864
2138 2111
2139 658
2140 1241
2141 2044
2142 1711
2143 2231
2144 1287
2145 453
2146 795
2147 2648
2148 2709
2149 627
2150 265
2151 644
2152 930
2153 253
2154 1997
2155 2696
2156 2357
2157 2259
2158 703
2159 1050
2160 488
2161 2647
2162 2469
2163 2727
2164 1105
2165 1742
2166 183
2167 304
2168 983
2169 2607
2170 1322
2171 2325
2172 325
2173 2216
2174 2632
2175 785
2176 2620
2177 724
2178 770
2179 693
2180 1688
2181 1908
2182 329
2183 2105
2184 2045
2185 681
2186 2252
2187 1336
2188 2237
2189 224
2190 1513
2191 694
2192 746
2193 2464
2194 1691
2195 2317
2196 1156
2197 2442
2198 970
2199 1759
2200 2516
2201 616
2202 1465
2203 2103
2204 677
2205 1303
2206 1963
2207 1347
2208 2287
2209 1696
2210 2515
2211 1942
2212 2012
2213 2027
2214 2506
2215 2269
2216 247
2217 1096
2218 1787
2219 2762
2220 1999
2221 1558
2222 115
2223 252
2224 2472
2225 2006
2226 130
2227 660
2228 2441
2229 481
2230 526
2231 1191
2232 1035
2233 607
2234 2356
2235 632
2236 2459
2237 2502
2238 1174
2239 1108
2240 1060
2241 1533
2242 483
2243 300
2244 2329
2245 487
2246 1828
2247 1704
2248 2498
2249 2217
2250 2069
2251 606
2252 670
2253 2631
2254 2798
2255 952
2256 2490
2257 486
2258 2080
2259 786
2260 2633
2261 2608
2262 286
2263 42
2264 1623
2265 401
2266 178
2267 2212
2268 1291
2269 2379
2270 775
2271 503
2272 798
2273 1644
2274 1631
2275 1988
2276 2745
2277 2420
2278 1141
2279 1838
2280 393
2281 1646
2282 571
2283 1125
2284 2475
2285 1783
2286 845
2287 1603
2288 1585
2289 1119
2290 145
2291 1248
2292 919
2293 399
2294 2484
2295 2316
2296 1813
2297 1837
2298 1668
2299 238
2300 1150
2301 2272
2302 1926
2303 1835
2304 551
2305 2803
2306 125
2307 2444
2308 2064
2309 1929
2310 425
2311 1048
2312 1641
2313 29
2314 2267
2315 523
2316 1529
2317 490
2318 817
2319 2512
2320 2030
2321 2496
2322 2181
2323 1660
2324 1074
2325 1769
2326 0
2327 1197
2328 2219
2329 1748
2330 2279
2331 2268
2332 334
2333 117
2334 2022
2335 1225
2336 366
2337 2200
2338 2106
2339 811
2340 1493
2341 637
2342 2634
2343 1795
2344 2812
2345 1172
2346 2
2347 513
2348 2565
2349 853
2350 1961
2351 489
2352 374
2353 1281
2354 1325
2355 2083
2356 2780
2357 2264
2358 1874
2359 1459
2360 1765
2361 887
2362 236
2363 2676
2364 2077
2365 93
2366 86
2367 2784
2368 2307
2369 348
2370 1187
2371 1676
2372 292
2373 969
2374 291
2375 2575
2376 1656
2377 753
2378 1973
2379 14
2380 2791
2381 2147
2382 922
2383 1693
2384 2402
2385 624
2386 714
2387 146
2388 949
2389 2741
2390 1736
2391 2533
2392 1370
2393 577
2394 44
2395 225
2396 2291
2397 97
2398 985
2399 684
2400 2371
2401 2574
2402 2470
2403 1652
2404 846
2405 973
2406 2542
2407 206
2408 2503
2409 1621
2410 1124
2411 1462
2412 1570
2413 1763
2414 1151
2415 2778
2416 2520
2417 2082
2418 415
2419 482
2420 950
2421 1244
2422 1839
2423 165
2424 234
2425 1883
2426 695
2427 1932
2428 678
2429 2306
2430 1538
2431 90
2432 2140
2433 1615
2434 485
2435 2819
2436 2360
2437 650
2438 2270
2439 2654
2440 1791
2441 2135
2442 194
2443 2763
2444 47
2445 1163
2446 1657
2447 957
2448 1687
2449 2766
2450 2388
2451 213
2452 1154
2453 877
2454 2120
2455 373
2456 1939
2457 1980
2458 2146
2459 378
2460 721
2461 248
2462 820
2463 4
2464 1891
2465 2719
2466 1587
2467 1869
2468 2251
2469 999
2470 1109
2471 256
2472 2449
2473 1998
2474 1689
2475 173
2476 2359
2477 106
2478 1816
2479 2176
2480 196
2481 553
2482 2554
2483 1725
2484 722
2485 281
2486 2376
2487 312
2488 1682
2489 1208
2490 1919
2491 1133
2492 460
2493 934
2494 2418
2495 204
2496 1798
2497 18
2498 907
2499 774
2500 2101
2501 2652
2502 2446
2503 2609
2504 78
2505 2717
2506 622
2507 1219
2508 2312
2509 2051
2510 1271
2511 1299
2512 2319
2513 2701
2514 264
2515 395
2516 1167
2517 2104
2518 509
2519 226
2520 80
2521 429
2522 1987
2523 2543
2524 315
2525 1794
2526 646
2527 1439
2528 1246
2529 2416
2530 1893
2531 2353
2532 1781
2533 478
2534 908
2535 1008
2536 913
2537 2650
2538 1054
2539 1010
2540 598
2541 216
2542 1467
2543 2714
2544 1047
2545 508
2546 927
2547 679
2548 738
2549 762
2550 1797
2551 1617
2552 2731
2553 2462
2554 1777
2555 1326
2556 1367
2557 2368
2558 2143
2559 2804
2560 1061
2561 1181
2562 810
2563 2732
2564 10
2565 2431
2566 451
2567 2544
2568 155
2569 148
2570 1004
2571 2489
2572 847
2573 161
2574 242
2575 1851
2576 1304
2577 2293
2578 1673
2579 211
2580 193
2581 1104
2582 2156
2583 1902
2584 1264
2585 1957
2586 2670
2587 1549
2588 1221
2589 2736
2590 596
2591 174
2592 2690
2593 339
2594 1384
2595 2304
2596 578
2597 64
2598 91
2599 2238
2600 2061
2601 2004
2602 231
2603 2347
2604 529
2605 682
2606 280
2607 2342
2608 2239
2609 1916
2610 1330
2611 653
2612 1974
2613 814
2614 971
2615 273
2616 1746
2617 1948
2618 85
2619 2738
2620 781
2621 2465
2622 1400
2623 1510
2624 545
2625 2782
2626 2443
2627 2278
2628 1830
2629 347
2630 1488
2631 2404
2632 2118
2633 1933
2634 620
2635 599
2636 2178
2637 1578
2638 137
2639 2737
2640 1138
2641 1846
2642 680
2643 1160
2644 2668
2645 2276
2646 2629
2647 636
2648 1022
2649 426
2650 641
2651 2198
2652 2136
2653 2396
2654 2297
2655 751
2656 2447
2657 1131
2658 2671
2659 2047
2660 771
2661 1290
2662 580
2663 101
2664 1734
2665 2345
2666 1934
2667 223
2668 1614
2669 1446
2670 2742
2671 2054
2672 1414
2673 2354
2674 2046
2675 2407
2676 1453
2677 233
2678 2550
2679 1069
2680 1592
2681 1697
2682 638
2683 1378
2684 232
2685 831
2686 779
2687 1650
2688 433
2689 614
2690 83
2691 2309
2692 1075
2693 2735
2694 2000
2695 1145
2696 1031
2697 1016
2698 71
2699 2115
2700 643
2701 963
2702 1369
2703 2436
2704 151
2705 2131
2706 2114
2707 1386
2708 413
2709 1494
2710 1782
2711 2170
2712 1361
2713 595
2714 2005
2715 1200
2716 480
2717 2284
2718 1743
2719 359
2720 1962
2721 966
2722 2395
2723 645
2724 2187
2725 2346
2726 1730
2727 2188
2728 461
2729 996
2730 592
2731 1164
2732 1508
2733 1343
2734 33
2735 882
2736 1665
2737 2501
2738 1260
2739 2141
2740 1045
2741 1799
2742 1814
2743 799
2744 2108
2745 1309
2746 2001
2747 1775
2748 1148
2749 772
2750 1878
2751 951
2752 92
2753 357
2754 2320
2755 852
2756 1003
2757 392
2758 346
2759 1532
2760 715
2761 210
2762 72
2763 1952
2764 1077
2765 205
2766 1098
2767 659
2768 1577
2769 2427
2770 1118
2771 1895
2772 948
2773 2587
2774 459
2775 2084
2776 1338
2777 1080
2778 925
2779 1352
2780 2014
2781 892
2782 1073
2783 45
2784 144
2785 1912
2786 2273
2787 367
2788 1394
2789 99
2790 1881
2791 2809
2792 2361
2793 386
2794 1593
2795 2558
2796 789
2797 870
2798 2770
2799 1443
2800 2121
2801 2169
2802 765
2803 2052
2804 1875
2805 1371
2806 2716
2807 1270
2808 162
2809 633
2810 589
2811 2594
2812 1470
2813 75
2814 2409
2815 405
2816 1051
2817 1403
2818 2363
2819 2192
2820 672
2821 666
2822 1231
2823 525
2824 2335
2825 2092
2826 739
2827 1327
2828 1168
2829 1354
2830 665
