0 2320
1 2518
2 1678
3 1142
4 2405
5 1039
6 2499
7 1134
8 2200
9 1125
10 5327
11 3788
12 2842
13 290
14 698
15 3490
16 6558
17 5383
18 313
19 5230
20 2265
21 6572
22 3949
23 3717
24 5661
25 107
26 1346
27 5012
28 5371
29 6556
30 777
31 2477
32 1197
33 6115
34 1706
35 2734
36 627
37 1977
38 6734
39 623
40 739
41 3381
42 1808
43 1402
44 2190
45 6197
46 713
47 2294
48 904
49 4714
50 3489
51 5097
52 1136
53 2384
54 3346
55 3838
56 2464
57 417
58 1594
59 1068
60 3275
61 1570
62 2501
63 1240
64 1778
65 3684
66 1538
67 5845
68 1144
69 6541
70 5168
71 193
72 1709
73 3089
74 6169
75 4812
76 2617
77 5422
78 6195
79 2800
80 4408
81 4081
82 3989
83 6067
84 1823
85 776
86 2971
87 1157
88 5155
89 893
90 4489
91 370
92 4054
93 5886
94 5793
95 2711
96 5453
97 4
98 2157
99 9
100 6242
101 811
102 5943
103 2836
104 6442
105 1354
106 3560
107 1288
108 6407
109 377
110 2064
111 3969
112 4034
113 145
114 2952
115 6220
116 1360
117 2660
118 4005
119 265
120 1082
121 6181
122 4465
123 6428
124 4830
125 352
126 6761
127 6751
128 108
129 6655
130 4154
131 5302
132 4039
133 5265
134 2079
135 3350
136 6411
137 2838
138 626
139 6579
140 655
141 1363
142 6617
143 2010
144 2622
145 5711
146 503
147 990
148 1765
149 3470
150 949
151 5316
152 1264
153 256
154 1660
155 165
156 6721
157 3953
158 5021
159 3548
160 6664
161 607
162 5165
163 3685
164 817
165 6749
166 4017
167 5282
168 2689
169 1785
170 4378
171 4728
172 4068
173 40
174 6314
175 5624
176 2048
177 480
178 5588
179 288
180 1179
181 1388
182 1546
183 2082
184 537
185 2793
186 3407
187 3977
188 3887
189 3349
190 1211
191 4599
192 6059
193 3714
194 2589
195 2342
196 142
197 6707
198 1408
199 4538
200 6232
201 4628
202 1481
203 4965
204 5946
205 5526
206 6629
207 2602
208 1384
209 4943
210 426
211 1523
212 1792
213 2291
214 5814
215 3907
216 1181
217 1103
218 6303
219 2469
220 3282
221 962
222 6091
223 1077
224 5614
225 1444
226 4971
227 5643
228 4304
229 5555
230 3366
231 3256
232 5758
233 935
234 530
235 5423
236 6228
237 1900
238 6266
239 6309
240 4078
241 1701
242 3584
243 3747
244 5702
245 5084
246 5103
247 2603
248 1877
249 5935
250 152
251 6722
252 755
253 103
254 6247
255 1066
256 1732
257 2771
258 1455
259 1691
260 5684
261 994
262 6248
263 257
264 2790
265 1227
266 4482
267 5915
268 6459
269 1696
270 4973
271 1365
272 5973
273 5207
274 153
275 2116
276 5030
277 2085
278 2805
279 3344
280 3409
281 3995
282 2088
283 617
284 1667
285 1474
286 473
287 5965
288 2329
289 664
290 6050
291 969
292 6636
293 2687
294 5587
295 4111
296 3675
297 2038
298 993
299 6144
300 6045
301 6173
302 1128
303 5922
304 3737
305 5025
306 268
307 4572
308 3810
309 1633
310 5593
311 4040
312 2238
313 2471
314 1393
315 2681
316 384
317 354
318 3383
319 5236
320 780
321 2566
322 632
323 6057
324 864
325 6294
326 1630
327 1830
328 24
329 1551
330 3976
331 634
332 4214
333 6451
334 2177
335 45
336 2150
337 3147
338 1219
339 1138
340 3261
341 485
342 4712
343 1190
344 5479
345 3292
346 2117
347 476
348 5804
349 880
350 2443
351 4260
352 4124
353 3768
354 4055
355 4112
356 5438
357 4320
358 3860
359 5349
360 4172
361 4550
362 6014
363 38
364 1369
365 918
366 4880
367 3571
368 3986
369 5413
370 4424
371 6163
372 1127
373 5573
374 3678
375 3798
376 3476
377 5069
378 4285
379 6381
380 889
381 1137
382 6601
383 4391
384 2259
385 1566
386 5803
387 6364
388 4740
389 3750
390 1282
391 5377
392 793
393 4840
394 6210
395 4443
396 6342
397 3799
398 2135
399 5225
400 6132
401 6716
402 6609
403 4306
404 5542
405 5202
406 6680
407 1996
408 5420
409 4979
410 1539
411 5465
412 4127
413 758
414 4655
415 4866
416 2278
417 4169
418 4050
419 178
420 3289
421 6731
422 2808
423 3934
424 2362
425 4534
426 1290
427 218
428 215
429 680
430 6562
431 5766
432 2341
433 5397
434 6599
435 5019
436 361
437 2513
438 2920
439 3424
440 5257
441 3713
442 6370
443 6468
444 1052
445 4180
446 2567
447 2523
448 3450
449 3645
450 1366
451 2407
452 6427
453 5291
454 2845
455 5806
456 2616
457 3881
458 5909
459 1933
460 157
461 2964
462 2731
463 6252
464 4181
465 50
466 4773
467 5051
468 5186
469 5279
470 203
471 2672
472 3285
473 2426
474 5255
475 1967
476 5857
477 5564
478 5770
479 6520
480 2340
481 6510
482 3469
483 2727
484 1502
485 3337
486 1517
487 5707
488 2159
489 5326
490 5686
491 3419
492 4299
493 4650
494 6235
495 2570
496 2835
497 2411
498 1141
499 4065
500 3522
501 917
502 4460
503 3892
504 5576
505 163
506 5318
507 4661
508 5281
509 1151
510 5071
511 4808
512 748
513 1427
514 6373
515 6223
516 6797
517 1118
518 4389
519 1878
520 6187
521 2404
522 3835
523 2487
524 1874
525 3078
526 6168
527 6048
528 4666
529 4639
530 4987
531 1072
532 5743
533 6594
534 2547
535 4160
536 2848
537 2208
538 2984
539 201
540 6638
541 564
542 33
543 5785
544 1401
545 2275
546 2994
547 3114
548 1104
549 524
550 4343
551 1702
552 1035
553 1802
554 1143
555 4748
556 6362
557 4523
558 998
559 6388
560 4707
561 3630
562 4568
563 3478
564 5962
565 5881
566 1500
567 3537
568 4341
569 398
570 878
571 3540
572 6033
573 1255
574 6250
575 2276
576 3365
577 3981
578 207
579 1795
580 6167
581 3113
582 6786
583 1687
584 6803
585 807
586 3215
587 4446
588 1260
589 5863
590 2690
591 2798
592 3116
593 575
594 941
595 3699
596 3267
597 548
598 4646
599 4819
600 327
601 2195
602 3371
603 1247
604 2826
605 3443
606 5671
607 3541
608 3769
609 5751
610 3422
611 555
612 4618
613 5517
614 5134
615 6080
616 1805
617 6194
618 359
619 2203
620 3491
621 2184
622 322
623 6574
624 3994
625 5335
626 1738
627 3298
628 158
629 6230
630 582
631 720
632 792
633 3539
634 5764
635 1907
636 5772
637 809
638 6056
639 1754
640 4756
641 2636
642 2429
643 5951
644 1372
645 4870
646 540
647 5274
648 470
649 1809
650 5473
651 2000
652 606
653 3011
654 5648
655 6763
656 3707
657 842
658 6070
659 1101
660 5732
661 3362
662 2214
663 3702
664 6402
665 4533
666 1469
667 1171
668 3140
669 6076
670 2900
671 1454
672 1788
673 987
674 518
675 4085
676 6536
677 136
678 6138
679 328
680 900
681 5647
682 6560
683 2290
684 4415
685 6715
686 1286
687 3905
688 3003
689 6622
690 5193
691 3870
692 2323
693 6060
694 1450
695 4724
696 5968
697 4416
698 3325
699 2885
700 5
701 6245
702 600
703 2794
704 6251
705 2070
706 5045
707 4738
708 323
709 5163
710 979
711 6338
712 1531
713 378
714 841
715 2828
716 1251
717 3573
718 5011
719 3729
720 5427
721 1851
722 2306
723 4511
724 1194
725 6374
726 6508
727 4429
728 5404
729 5298
730 731
731 5467
732 508
733 2013
734 3101
735 4261
736 4863
737 4672
738 3558
739 4332
740 4468
741 2592
742 5836
743 3180
744 4823
745 1236
746 1692
747 6012
748 668
749 326
750 192
751 5591
752 4381
753 2065
754 5618
755 1799
756 1853
757 868
758 5108
759 6379
760 5866
761 2148
762 6097
763 3486
764 1530
765 332
766 6740
767 1381
768 5122
769 1519
770 3917
771 5557
772 3606
773 5884
774 5786
775 4171
776 4333
777 2799
778 2245
779 1396
780 3882
781 2178
782 2675
783 1379
784 3385
785 3618
786 1838
787 5908
788 4725
789 6293
790 6759
791 2491
792 4011
793 1445
794 4683
795 2432
796 3973
797 3918
798 5095
799 348
800 1614
801 5578
802 3988
803 2743
804 5177
805 846
806 749
807 3876
808 1548
809 1769
810 1299
811 1293
812 3269
813 6011
814 2105
815 2297
816 6513
817 515
818 3052
819 5192
820 5974
821 4225
822 5843
823 5111
824 5953
825 2963
826 3508
827 4869
828 3179
829 5234
830 3727
831 3284
832 1654
833 3504
834 5720
835 6004
836 2541
837 200
838 4798
839 4274
840 6472
841 615
842 4367
843 5036
844 4102
845 6755
846 6399
847 4868
848 1652
849 2392
850 3745
851 3755
852 2122
853 1154
854 4383
855 6723
856 6333
857 4892
858 4175
859 951
860 504
861 3542
862 2226
863 3733
864 1587
865 5645
866 1577
867 1990
868 1270
869 5617
870 5724
871 4912
872 2642
873 6351
874 743
875 1613
876 781
877 5544
878 1545
879 5628
880 1116
881 2133
882 67
883 6282
884 6798
885 3308
886 556
887 3335
888 693
889 4593
890 1511
891 1193
892 6549
893 4565
894 2886
895 539
896 2129
897 4961
898 1021
899 1120
900 5562
901 5503
902 6352
903 3906
904 1623
905 1966
906 4850
907 467
908 3652
909 2155
910 1509
911 5897
912 908
913 3565
914 5959
915 202
916 2026
917 6526
918 6773
919 4010
920 3615
921 4633
922 2562
923 4220
924 1129
925 4554
926 1869
927 1542
928 2234
929 5635
930 1056
931 3825
932 5574
933 5512
934 2387
935 5631
936 5250
937 2837
938 3417
939 447
940 3901
941 351
942 222
943 2535
944 4279
945 5728
946 3852
947 56
948 5847
949 3757
950 5180
951 5775
952 4223
953 3347
954 5221
955 3998
956 1644
957 1243
958 5861
959 1229
960 5028
961 3411
962 1319
963 5283
964 3311
965 5885
966 1272
967 2474
968 2915
969 3148
970 5419
971 5774
972 5100
973 5303
974 983
975 2820
976 115
977 4797
978 2389
979 2152
980 6521
981 646
982 4158
983 3376
984 1378
985 1465
986 2545
987 5960
988 6100
989 5682
990 362
991 1367
992 5862
993 4613
994 5520
995 5805
996 4422
997 4566
998 5044
999 5879
1000 6565
1001 3690
1002 2098
1003 5536
1004 5777
1005 5489
1006 5476
1007 3127
1008 278
1009 5995
1010 2595
1011 4404
1012 2710
1013 598
1014 6781
1015 5188
1016 3643
1017 4335
1018 3054
1019 3933
1020 3139
1021 4063
1022 2310
1023 754
1024 4340
1025 576
1026 2657
1027 637
1028 2376
1029 1736
1030 2274
1031 6425
1032 5938
1033 6567
1034 5850
1035 4665
1036 11
1037 3872
1038 4969
1039 5695
1040 6221
1041 5663
1042 5939
1043 2509
1044 1939
1045 235
1046 4980
1047 4844
1048 4953
1049 1242
1050 6767
1051 4583
1052 4647
1053 3655
1054 5755
1055 5911
1056 139
1057 773
1058 1037
1059 5451
1060 6268
1061 1922
1062 316
1063 775
1064 4597
1065 2597
1066 3943
1067 6436
1068 5330
1069 726
1070 512
1071 4379
1072 2839
1073 1008
1074 2100
1075 1971
1076 823
1077 2901
1078 2762
1079 1782
1080 1880
1081 6430
1082 449
1083 1062
1084 4652
1085 5662
1086 1554
1087 3420
1088 3100
1089 4241
1090 4048
1091 430
1092 6336
1093 3176
1094 2896
1095 4107
1096 3242
1097 4564
1098 6640
1099 3360
1100 4888
1101 3059
1102 4248
1103 2872
1104 4165
1105 4128
1106 130
1107 6078
1108 2554
1109 1403
1110 101
1111 3585
1112 1362
1113 2849
1114 5471
1115 3818
1116 3963
1117 4277
1118 1202
1119 1473
1120 5933
1121 5362
1122 1215
1123 1135
1124 46
1125 6262
1126 6511
1127 6444
1128 1953
1129 4949
1130 6199
1131 4589
1132 1357
1133 4727
1134 4591
1135 2270
1136 5821
1137 5581
1138 379
1139 140
1140 3058
1141 2719
1142 5002
1143 3861
1144 308
1145 2821
1146 674
1147 3982
1148 2403
1149 1411
1150 493
1151 587
1152 4923
1153 4720
1154 3121
1155 6733
1156 5091
1157 544
1158 2924
1159 2062
1160 682
1161 4270
1162 5297
1163 5902
1164 5846
1165 5113
1166 2161
1167 4370
1168 5418
1169 1579
1170 428
1171 586
1172 2295
1173 6384
1174 4996
1175 2673
1176 6554
1177 2565
1178 6435
1179 2546
1180 3602
1181 4368
1182 300
1183 2281
1184 3586
1185 6184
1186 2776
1187 1620
1188 3667
1189 446
1190 3429
1191 2751
1192 944
1193 5295
1194 971
1195 866
1196 6240
1197 4674
1198 4141
1199 309
1200 3141
1201 1515
1202 2046
1203 6136
1204 5242
1205 6458
1206 5849
1207 5741
1208 6615
1209 3220
1210 2126
1211 4146
1212 2966
1213 376
1214 4360
1215 5190
1216 5187
1217 217
1218 6198
1219 697
1220 2296
1221 6677
1222 279
1223 80
1224 2261
1225 5061
1226 5941
1227 213
1228 4222
1229 6152
1230 654
1231 497
1232 689
1233 5811
1234 2500
1235 6108
1236 2873
1237 5040
1238 1001
1239 5516
1240 5687
1241 665
1242 5712
1243 59
1244 4103
1245 5013
1246 2369
1247 4956
1248 6504
1249 5178
1250 1207
1251 3333
1252 2931
1253 2609
1254 6241
1255 527
1256 1249
1257 3765
1258 1466
1259 1431
1260 3263
1261 1034
1262 8
1263 6028
1264 1070
1265 1470
1266 3487
1267 3800
1268 6783
1269 3627
1270 2302
1271 6466
1272 939
1273 4197
1274 1475
1275 2834
1276 1410
1277 712
1278 3434
1279 6782
1280 1292
1281 2490
1282 5181
1283 5348
1284 4699
1285 6474
1286 1119
1287 4782
1288 3095
1289 285
1290 3898
1291 5864
1292 703
1293 2076
1294 535
1295 2787
1296 4419
1297 3641
1298 4047
1299 3669
1300 536
1301 1418
1302 3393
1303 3482
1304 2417
1305 2817
1306 2197
1307 4336
1308 5218
1309 5945
1310 6441
1311 3115
1312 1865
1313 3554
1314 2722
1315 3110
1316 513
1317 3719
1318 1314
1319 4420
1320 5748
1321 3658
1322 4091
1323 2063
1324 4385
1325 5975
1326 6074
1327 2119
1328 5457
1329 999
1330 3724
1331 1178
1332 6736
1333 2818
1334 5219
1335 4715
1336 2795
1337 6796
1338 4209
1339 1183
1340 2515
1341 2890
1342 5047
1343 4472
1344 6010
1345 1596
1346 2945
1347 4298
1348 372
1349 3909
1350 2406
1351 3657
1352 5605
1353 6589
1354 4845
1355 3524
1356 2425
1357 5914
1358 5808
1359 2317
1360 5343
1361 124
1362 5053
1363 1406
1364 1818
1365 1555
1366 2922
1367 858
1368 2118
1369 3814
1370 2176
1371 4955
1372 3062
1373 3582
1374 1649
1375 2792
1376 1943
1377 881
1378 5414
1379 4400
1380 301
1381 2586
1382 182
1383 5099
1384 6123
1385 1560
1386 4791
1387 414
1388 6000
1389 5876
1390 1757
1391 1051
1392 6806
1393 4908
1394 174
1395 5166
1396 5066
1397 5856
1398 4809
1399 3363
1400 6440
1401 369
1402 4002
1403 4680
1404 2551
1405 4352
1406 6344
1407 3937
1408 6448
1409 3812
1410 1973
1411 745
1412 6224
1413 5658
1414 1329
1415 4917
1416 1842
1417 667
1418 3016
1419 2704
1420 5172
1421 128
1422 4331
1423 5801
1424 1886
1425 5215
1426 6482
1427 3967
1428 3428
1429 451
1430 2935
1431 2769
1432 6805
1433 2777
1434 2364
1435 1580
1436 1925
1437 2844
1438 2754
1439 4302
1440 424
1441 4510
1442 5244
1443 1050
1444 43
1445 2106
1446 2767
1447 2154
1448 4558
1449 6087
1450 2172
1451 1316
1452 3970
1453 2221
1454 1083
1455 436
1456 5579
1457 2427
1458 1281
1459 2977
1460 4874
1461 1903
1462 4365
1463 5633
1464 5531
1465 6356
1466 104
1467 645
1468 5214
1469 13
1470 1392
1471 2850
1472 6656
1473 4814
1474 4013
1475 3262
1476 6383
1477 3210
1478 3345
1479 2244
1480 463
1481 3277
1482 6531
1483 5597
1484 643
1485 848
1486 5641
1487 3743
1488 2503
1489 6026
1490 4691
1491 4321
1492 2051
1493 1161
1494 2993
1495 4504
1496 6620
1497 6456
1498 298
1499 914
1500 4235
1501 2113
1502 6661
1503 3890
1504 4097
1505 2311
1506 5205
1507 6022
1508 5781
1509 4516
1510 4794
1511 4021
1512 2749
1513 4479
1514 3570
1515 6141
1516 5872
1517 388
1518 2356
1519 4108
1520 3923
1521 5432
1522 4348
1523 1553
1524 1864
1525 2045
1526 39
1527 394
1528 5224
1529 5136
1530 4163
1531 245
1532 3531
1533 2382
1534 4846
1535 5989
1536 3341
1537 1394
1538 5458
1539 1796
1540 160
1541 3805
1542 291
1543 3173
1544 5160
1545 6039
1546 1607
1547 4330
1548 4484
1549 5067
1550 2173
1551 3775
1552 6787
1553 2662
1554 6542
1555 3390
1556 1200
1557 1030
1558 6165
1559 6739
1560 1780
1561 2
1562 6476
1563 4399
1564 2904
1565 5830
1566 3693
1567 2363
1568 3149
1569 3012
1570 6630
1571 3194
1572 1133
1573 2987
1574 2870
1575 2992
1576 978
1577 1714
1578 565
1579 3579
1580 83
1581 3150
1582 4086
1583 1954
1584 5400
1585 872
1586 6375
1587 5799
1588 6784
1589 5789
1590 4879
1591 4116
1592 3425
1593 3807
1594 6439
1595 6529
1596 3631
1597 5336
1598 2409
1599 4893
1600 6103
1601 1348
1602 2338
1603 3396
1604 6800
1605 5410
1606 886
1607 5142
1608 794
1609 3793
1610 604
1611 3068
1612 6305
1613 4681
1614 5719
1615 349
1616 3198
1617 6653
1618 2723
1619 5501
1620 2489
1621 2009
1622 6113
1623 831
1624 2526
1625 2061
1626 4173
1627 1312
1628 5964
1629 2034
1630 2940
1631 4042
1632 6147
1633 3596
1634 603
1635 2537
1636 6753
1637 4982
1638 5175
1639 6415
1640 6692
1641 5347
1642 1986
1643 2347
1644 5627
1645 4549
1646 3663
1647 5429
1648 6018
1649 816
1650 4847
1651 3681
1652 2925
1653 5115
1654 3001
1655 4836
1656 2181
1657 2651
1658 3022
1659 1126
1660 2462
1661 2809
1662 5062
1663 3129
1664 284
1665 3834
1666 2246
1667 1628
1668 1438
1669 753
1670 4242
1671 2761
1672 2215
1673 760
1674 1122
1675 4297
1676 294
1677 3873
1678 1087
1679 2579
1680 1308
1681 4089
1682 6044
1683 5228
1684 5921
1685 3960
1686 1094
1687 2670
1688 639
1689 2760
1690 5089
1691 4426
1692 53
1693 3646
1694 1535
1695 4676
1696 6729
1697 6274
1698 5780
1699 2470
1700 4325
1701 538
1702 302
1703 4588
1704 830
1705 2911
1706 4496
1707 5235
1708 2138
1709 1740
1710 6608
1711 3930
1712 6678
1713 6318
1714 1111
1715 2752
1716 5227
1717 1956
1718 5696
1719 4006
1720 6457
1721 4256
1722 4388
1723 5388
1724 859
1725 5510
1726 1583
1727 2211
1728 2631
1729 1819
1730 1098
1731 888
1732 6481
1733 111
1734 2355
1735 869
1736 2684
1737 3221
1738 5389
1739 2747
1740 4398
1741 4643
1742 5268
1743 1504
1744 2785
1745 534
1746 5402
1747 6112
1748 5194
1749 1993
1750 5912
1751 4778
1752 1046
1753 4350
1754 1274
1755 1786
1756 1091
1757 5527
1758 4896
1759 499
1760 1963
1761 5561
1762 5125
1763 5064
1764 5292
1765 5278
1766 660
1767 334
1768 2965
1769 6128
1770 1488
1771 2476
1772 1057
1773 1216
1774 3161
1775 2903
1776 5819
1777 4470
1778 1734
1779 669
1780 3915
1781 4919
1782 403
1783 3132
1784 2763
1785 545
1786 2607
1787 4096
1788 3534
1789 17
1790 3897
1791 4503
1792 6042
1793 5359
1794 4280
1795 1218
1796 1672
1797 5769
1798 356
1799 3102
1800 3293
1801 5117
1802 5305
1803 4234
1804 4970
1805 4951
1806 2862
1807 4786
1808 4239
1809 1835
1810 6766
1811 6077
1812 5424
1813 1387
1814 1210
1815 4457
1816 5269
1817 5245
1818 3820
1819 3604
1820 3028
1821 3082
1822 6316
1823 21
1824 6780
1825 6566
1826 3050
1827 5944
1828 966
1829 1616
1830 154
1831 6137
1832 6697
1833 2591
1834 6133
1835 41
1836 1717
1837 4864
1838 4909
1839 5328
1840 1923
1841 734
1842 4066
1843 6236
1844 975
1845 1724
1846 843
1847 6585
1848 4735
1849 94
1850 542
1851 3671
1852 2284
1853 3932
1854 4581
1855 991
1856 5629
1857 4273
1858 4563
1859 214
1860 2467
1861 5905
1862 5550
1863 3375
1864 3244
1865 5833
1866 5919
1867 4790
1868 3972
1869 5006
1870 5472
1871 6765
1872 1627
1873 179
1874 6365
1875 2434
1876 1721
1877 4344
1878 2861
1879 5078
1880 1327
1881 2481
1882 1527
1883 5478
1884 3770
1885 870
1886 6666
1887 5981
1888 5333
1889 2615
1890 3942
1891 2352
1892 4663
1893 5241
1894 1285
1895 2092
1896 6400
1897 5254
1898 3911
1899 6463
1900 5373
1901 1574
1902 1945
1903 4964
1904 5620
1905 725
1906 4075
1907 6371
1908 3447
1909 295
1910 4245
1911 1824
1912 2624
1913 4413
1914 1095
1915 5124
1916 2418
1917 1160
1918 3440
1919 2882
1920 6424
1921 1047
1922 5375
1923 6104
1924 2483
1925 1416
1926 3218
1927 4288
1928 340
1929 2223
1930 5882
1931 4983
1932 2583
1933 4609
1934 2447
1935 3241
1936 5185
1937 4624
1938 5082
1939 1789
1940 5475
1941 4784
1942 1828
1943 6280
1944 596
1945 4887
1946 4611
1947 2120
1948 5132
1949 269
1950 5495
1951 49
1952 4337
1953 1816
1954 247
1955 1169
1956 5956
1957 4734
1958 5220
1959 6405
1960 3231
1961 3426
1962 6186
1963 1544
1964 4438
1965 1941
1966 6002
1967 5460
1968 6264
1969 6051
1970 2380
1971 6233
1972 6175
1973 3118
1974 827
1975 6182
1976 6345
1977 482
1978 4940
1979 6552
1980 2572
1981 1617
1982 4170
1983 35
1984 4229
1985 4929
1986 3844
1987 336
1988 1850
1989 2337
1990 3968
1991 3226
1992 5851
1993 4210
1994 6420
1995 4382
1996 5958
1997 3502
1998 4685
1999 5900
2000 5443
2001 5559
2002 5807
2003 380
2004 981
2005 3520
2006 2081
2007 3767
2008 3069
2009 5874
2010 296
2011 2531
2012 1590
2013 2086
2014 562
2015 2929
2016 2991
2017 961
2018 3695
2019 3035
2020 5356
2021 2803
2022 678
2023 6699
2024 3153
2025 3569
2026 6704
2027 2299
2028 4891
2029 2605
2030 4658
2031 4548
2032 4268
2033 1761
2034 6744
2035 399
2036 5171
2037 6518
2038 6598
2039 5394
2040 5149
2041 672
2042 4662
2043 4035
2044 3832
2045 528
2046 2561
2047 4731
2048 2608
2049 320
2050 6607
2051 4637
2052 824
2053 5276
2054 1330
2055 2368
2056 1646
2057 5261
2058 406
2059 3952
2060 1297
2061 6273
2062 5183
2063 6603
2064 1846
2065 1909
2066 681
2067 5469
2068 353
2069 1014
2070 162
2071 2543
2072 1462
2073 5058
2074 109
2075 6160
2076 5355
2077 2465
2078 6243
2079 5033
2080 1344
2081 2938
2082 3547
2083 4582
2084 3182
2085 876
2086 2094
2087 5721
2088 4935
2089 3821
2090 4037
2091 2144
2092 6090
2093 4977
2094 2131
2095 4296
2096 3580
2097 958
2098 3740
2099 495
2100 5703
2101 5523
2102 1776
2103 3163
2104 342
2105 237
2106 2815
2107 5459
2108 55
2109 3925
2110 6217
2111 2577
2112 5325
2113 3094
2114 5567
2115 3591
2116 2508
2117 1779
2118 4309
2119 5077
2120 965
2121 5440
2122 266
2123 3357
2124 292
2125 996
2126 640
2127 4948
2128 657
2129 6627
2130 5545
2131 2395
2132 3741
2133 4192
2134 1770
2135 4406
2136 3507
2137 4043
2138 2745
2139 5317
2140 375
2141 4071
2142 4073
2143 3158
2144 5315
2145 6672
2146 3207
2147 3196
2148 4978
2149 4670
2150 953
2151 2243
2152 4962
2153 903
2154 3730
2155 419
2156 857
2157 1810
2158 2240
2159 3254
2160 1663
2161 3042
2162 3300
2163 5023
2164 6597
2165 2666
2166 902
2167 2305
2168 5832
2169 6341
2170 1512
2171 95
2172 6546
2173 1414
2174 4454
2175 747
2176 2846
2177 1355
2178 4876
2179 3291
2180 4825
2181 6785
2182 3446
2183 5381
2184 5039
2185 6788
2186 5802
2187 4789
2188 5537
2189 3787
2190 1335
2191 874
2192 1597
2193 2213
2194 2822
2195 4247
2196 2321
2197 1841
2198 6216
2199 1291
2200 3550
2201 4267
2202 2256
2203 1458
2204 1440
2205 2439
2206 1377
2207 5392
2208 2569
2209 5924
2210 897
2211 650
2212 5444
2213 4176
2214 618
2215 783
2216 1873
2217 3996
2218 2725
2219 3448
2220 3460
2221 3097
2222 3954
2223 2435
2224 1541
2225 2856
2226 6185
2227 3295
2228 906
2229 1479
2230 6068
2231 737
2232 3435
2233 4394
2234 2042
2235 4754
2236 6213
2237 3705
2238 2334
2239 2539
2240 850
2241 4074
2242 3045
2243 3053
2244 6438
2245 4629
2246 471
2247 3246
2248 6246
2249 1318
2250 2273
2251 2683
2252 3323
2253 2909
2254 2956
2255 6127
2256 3454
2257 5324
2258 5307
2259 5199
2260 2005
2261 4989
2262 1671
2263 1092
2264 459
2265 1373
2266 1195
2267 3431
2268 3978
2269 6361
2270 2685
2271 3964
2272 306
2273 1199
2274 4384
2275 6065
2276 4467
2277 1277
2278 4447
2279 5613
2280 2262
2281 204
2282 702
2283 6514
2284 800
2285 1735
2286 852
2287 1676
2288 6659
2289 6464
2290 2667
2291 2095
2292 3984
2293 1931
2294 5525
2295 1480
2296 2829
2297 6098
2298 501
2299 1123
2300 4598
2301 5586
2302 3888
2303 517
2304 3850
2305 4718
2306 3392
2307 6180
2308 5949
2309 5393
2310 6569
2311 1777
2312 5551
2313 4259
2314 6066
2315 5052
2316 871
2317 4561
2318 4995
2319 620
2320 2482
2321 2167
2322 4015
2323 3268
2324 5337
2325 3843
2326 6170
2327 1398
2328 1321
2329 4421
2330 3353
2331 3172
2332 2511
2333 6257
2334 1167
2335 3983
2336 3644
2337 82
2338 2807
2339 2077
2340 1653
2341 2695
2342 6284
2343 4750
2344 1969
2345 3342
2346 225
2347 2210
2348 4518
2349 317
2350 4813
2351 1564
2352 3303
2353 2248
2354 2461
2355 3217
2356 4122
2357 1662
2358 1040
2359 2858
2360 4894
2361 4992
2362 6040
2363 3902
2364 853
2365 4349
2366 3175
2367 5689
2368 3575
2369 1559
2370 4853
2371 1897
2372 4149
2373 1226
2374 2544
2375 2452
2376 3125
2377 1489
2378 6604
2379 407
2380 572
2381 2693
2382 954
2383 6205
2384 4488
2385 4003
2386 205
2387 6777
2388 2713
2389 2823
2390 6623
2391 1845
2392 4781
2393 1588
2394 4604
2395 2999
2396 5483
2397 5083
2398 4257
2399 3441
2400 1918
2401 1303
2402 2012
2403 4250
2404 5412
2405 5625
2406 141
2407 3119
2408 2614
2409 633
2410 3826
2411 4347
2412 411
2413 448
2414 710
2415 4545
2416 5656
2417 1302
2418 19
2419 5820
2420 4437
2421 2663
2422 1477
2423 5880
2424 3829
2425 1912
2426 4386
2427 479
2428 3018
2429 856
2430 5311
2431 3066
2432 2737
2433 363
2434 4749
2435 3634
2436 1279
2437 5699
2438 5104
2439 3608
2440 3997
2441 3975
2442 183
2443 5001
2444 4958
2445 1914
2446 5596
2447 2525
2448 3694
2449 3106
2450 3281
2451 549
2452 4487
2453 1758
2454 5651
2455 5980
2456 6453
2457 1930
2458 2851
2459 4829
2460 2428
2461 2869
2462 51
2463 4310
2464 5898
2465 3739
2466 6355
2467 6334
2468 1238
2469 972
2470 2897
2471 4947
2472 2440
2473 1718
2474 280
2475 3827
2476 5450
2477 6315
2478 3105
2479 1287
2480 1036
2481 3336
2482 765
2483 1768
2484 4326
2485 1896
2486 4307
2487 3939
2488 6774
2489 4500
2490 2502
2491 2149
2492 1099
2493 1162
2494 4865
2495 1857
2496 4495
2497 3170
2498 1858
2499 240
2500 3776
2501 2143
2502 3451
2503 3908
2504 364
2505 4644
2506 6166
2507 602
2508 6249
2509 3710
2510 3467
2511 4536
2512 5731
2513 4016
2514 4019
2515 5022
2516 6628
2517 6535
2518 610
2519 570
2520 4142
2521 915
2522 932
2523 6705
2524 457
2525 1265
2526 2396
2527 867
2528 762
2529 4607
2530 1115
2531 4428
2532 433
2533 88
2534 2185
2535 6203
2536 1228
2537 5041
2538 6193
2539 2377
2540 1400
2541 699
2542 4984
2543 2773
2544 5692
2545 6634
2546 1737
2547 723
2548 2916
2549 3377
2550 3845
2551 529
2552 435
2553 6055
2554 884
2555 5037
2556 5790
2557 3817
2558 135
2559 2548
2560 5034
2561 3661
2562 5893
2563 5817
2564 2556
2565 2939
2566 4213
2567 2988
2568 4632
2569 3031
2570 5018
2571 2146
2572 2917
2573 2697
2574 6578
2575 1888
2576 595
2577 491
2578 5716
2579 3159
2580 4939
2581 5570
2582 4559
2583 6071
2584 5594
2585 2571
2586 6387
2587 3264
2588 2399
2589 3612
2590 3168
2591 5963
2592 3497
2593 5532
2594 4795
2595 3703
2596 2505
2597 6778
2598 2804
2599 822
2600 1448
2601 577
2602 2516
2603 656
2604 789
2605 5491
2606 885
2607 5738
2608 3553
2609 638
2610 5088
2611 4543
2612 6792
2613 303
2614 2353
2615 5050
2616 2721
2617 2283
2618 3237
2619 3415
2620 3043
2621 3461
2622 3324
2623 6790
2624 5448
2625 6412
2626 4686
2627 244
2628 6586
2629 3712
2630 6231
2631 6320
2632 1476
2633 2348
2634 3117
2635 4024
2636 4338
2637 2307
2638 2007
2639 4694
2640 4243
2641 3128
2642 4945
2643 6631
2644 6588
2645 2871
2646 5795
2647 3288
2648 5386
2649 6698
2650 5494
2651 3355
2652 2729
2653 4612
2654 1856
2655 91
2656 5075
2657 4395
2658 4606
2659 784
2660 2914
2661 5681
2662 2738
2663 4512
2664 1352
2665 1405
2666 3111
2667 346
2668 2668
2669 2188
2670 4232
2671 4319
2672 4136
2673 161
2674 6743
2675 1593
2676 6701
2677 3639
2678 6575
2679 2879
2680 6752
2681 2408
2682 1937
2683 6081
2684 409
2685 4811
2686 3538
2687 6061
2688 3936
2689 5543
2690 2552
2691 3736
2692 6310
2693 6647
2694 3154
2695 4361
2696 3660
2697 6176
2698 5745
2699 2415
2700 385
2701 4119
2702 3552
2703 909
2704 2201
2705 1999
2706 3315
2707 4862
2708 4481
2709 952
2710 2358
2711 6322
2712 5822
2713 4453
2714 6102
2715 3883
2716 4648
2717 727
2718 706
2719 52
2720 2151
2721 3130
2722 5035
2723 6130
2724 5513
2725 3732
2726 4164
2727 5364
2728 696
2729 3442
2730 2740
2731 1356
2732 5217
2733 186
2734 3091
2735 1904
2736 6125
2737 6646
2738 3351
2739 6644
2740 3692
2741 5243
2742 1970
2743 3061
2744 2478
2745 5970
2746 3701
2747 1666
2748 2753
2749 2796
2750 3297
2751 3551
2752 1875
2753 3840
2754 4556
2755 4779
2756 6651
2757 4464
2758 1132
2759 4700
2760 942
2761 4843
2762 3863
2763 5925
2764 77
2765 3734
2766 1540
2767 5144
2768 2536
2769 28
2770 324
2771 3421
2772 1848
2773 989
2774 5868
2775 1906
2776 1840
2777 4104
2778 5152
2779 1763
2780 475
2781 4219
2782 3891
2783 6484
2784 946
2785 4889
2786 2078
2787 6321
2788 1223
2789 1496
2790 2169
2791 206
2792 1670
2793 93
2794 4072
2795 5529
2796 365
2797 4475
2798 6347
2799 976
2800 1241
2801 6775
2802 4610
2803 2555
2804 6738
2805 98
2806 6557
2807 3060
2808 5740
2809 2235
2810 1557
2811 5622
2812 5791
2813 608
2814 5679
2815 6534
2816 523
2817 1007
2818 3065
2819 5957
2820 6516
2821 3331
2822 4941
2823 6047
2824 5783
2825 125
2826 1015
2827 2881
2828 6757
2829 1323
2830 5685
2831 454
2832 4994
2833 3023
2834 2527
2835 1729
2836 3848
2837 1042
2838 2160
2839 1972
2840 1088
2841 1695
2842 1508
2843 5403
2844 624
2845 3477
2846 2101
2847 350
2848 3847
2849 2703
2850 974
2851 5239
2852 1131
2853 1390
2854 2962
2855 3138
2856 5372
2857 2806
2858 1726
2859 2623
2860 5147
2861 5076
2862 329
2863 3956
2864 4901
2865 1532
2866 2625
2867 3444
2868 4411
2869 5768
2870 2619
2871 1170
2872 1304
2873 4393
2874 4873
2875 4445
2876 5101
2877 3202
2878 2397
2879 2004
2880 1679
2881 3211
2882 3109
2883 834
2884 6005
2885 5500
2886 176
2887 3187
2888 1556
2889 1205
2890 2707
2891 4189
2892 2975
2893 1629
2894 3010
2895 1890
2896 5000
2897 3178
2898 1772
2899 5153
2900 2665
2901 5031
2902 3332
2903 48
2904 3399
2905 2087
2906 383
2907 1632
2908 1266
2909 988
2910 938
2911 5654
2912 3388
2913 6547
2914 5016
2915 2370
2916 5582
2917 6135
2918 2055
2919 3164
2920 3251
2921 2676
2922 3914
2923 3501
2924 2744
2925 114
2926 6110
2927 3884
2928 4450
2929 1296
2930 3496
2931 2880
2932 3145
2933 1212
2934 4308
2935 1638
2936 6641
2937 2199
2938 1656
2939 1549
2940 4018
2941 2972
2942 1130
2943 4841
2944 3310
2945 891
2946 890
2947 2765
2948 5632
2949 4144
2950 1441
2951 1089
2952 3869
2953 4179
2954 4742
2955 526
2956 2492
2957 4806
2958 220
2959 4560
2960 5008
2961 4635
2962 1631
2963 86
2964 1817
2965 2692
2966 489
2967 3009
2968 5713
2969 425
2970 5248
2971 5382
2972 751
2973 921
2974 2698
2975 25
2976 5176
2977 2641
2978 6222
2979 4932
2980 4109
2981 3614
2982 573
2983 3674
2984 4193
2985 6413
2986 4497
2987 3412
2988 3549
2989 2739
2990 4957
2991 3021
2992 6735
2993 3525
2994 3203
2995 4206
2996 1979
2997 3464
2998 3191
2999 5838
3000 5669
3001 4757
3002 968
3003 5167
3004 1762
3005 2168
3006 2293
3007 631
3008 6105
3009 4771
3010 4926
3011 120
3012 5260
3013 6259
3014 2717
3015 250
3016 1962
3017 1174
3018 3628
3019 6706
3020 1843
3021 4787
3022 5407
3023 5514
3024 3124
3025 2268
3026 1073
3027 4752
3028 2001
3029 2859
3030 3946
3031 4852
3032 4733
3033 3270
3034 2766
3035 5735
3036 1821
3037 5264
3038 4483
3039 6613
3040 4999
3041 3561
3042 4645
3043 3463
3044 4820
3045 6395
3046 2282
3047 1847
3048 73
3049 5093
3050 4717
3051 264
3052 5767
3053 5065
3054 2204
3055 1756
3056 3592
3057 4414
3058 3519
3059 5428
3060 1325
3061 3253
3062 6665
3063 5757
3064 1017
3065 5211
3066 4451
3067 5135
3068 4834
3069 5462
3070 1743
3071 6702
3072 2313
3073 1884
3074 4155
3075 1254
3076 418
3077 642
3078 6479
3079 516
3080 1371
3081 32
3082 6126
3083 1833
3084 6676
3085 1612
3086 99
3087 5010
3088 3144
3089 3526
3090 557
3091 2674
3092 997
3093 2863
3094 1712
3095 6386
3096 1342
3097 6648
3098 3427
3099 2669
3100 2036
3101 2521
3102 2060
3103 6768
3104 89
3105 4030
3106 2225
3107 6234
3108 6581
3109 3523
3110 1595
3111 5169
3112 3837
3113 5197
3114 6092
3115 750
3116 5952
3117 6673
3118 1164
3119 1813
3120 3886
3121 5928
3122 1524
3123 6545
3124 4380
3125 4881
3126 2789
3127 3063
3128 711
3129 1060
3130 3625
3131 1409
3132 2712
3133 3513
3134 2989
3135 2937
3136 5753
3137 2875
3138 4403
3139 4009
3140 5421
3141 6429
3142 2943
3143 1214
3144 2266
3145 3258
3146 4387
3147 519
3148 2091
3149 1989
3150 5203
3151 289
3152 901
3153 1915
3154 2109
3155 1710
3156 4508
3157 496
3158 2735
3159 2350
3160 6700
3161 2702
3162 4208
3163 3620
3164 1124
3165 6637
3166 478
3167 6212
3168 3359
3169 1187
3170 2351
3171 3200
3172 4622
3173 180
3174 6404
3175 2512
3176 2457
3177 5609
3178 4675
3179 6391
3180 5571
3181 1952
3182 5222
3183 887
3184 3083
3185 321
3186 3624
3187 2099
3188 1705
3189 3273
3190 1844
3191 3562
3192 2691
3193 6432
3194 770
3195 1252
3196 2420
3197 230
3198 926
3199 1257
3200 1576
3201 6302
3202 1493
3203 6587
3204 5024
3205 797
3206 72
3207 2230
3208 5461
3209 1263
3210 1942
3211 6528
3212 652
3213 4390
3214 1096
3215 5173
3216 3862
3217 1317
3218 2023
3219 4051
3220 2957
3221 1921
3222 4156
3223 2530
3224 1849
3225 2090
3226 5387
3227 2696
3228 5913
3229 5204
3230 6540
3231 5288
3232 4697
3233 5615
3234 188
3235 1184
3236 1955
3237 4358
3238 2366
3239 5982
3240 3819
3241 6460
3242 3483
3243 2709
3244 5657
3245 2930
3246 2620
3247 1339
3248 4056
3249 4985
3250 3600
3251 6380
3252 5611
3253 3653
3254 1386
3255 5652
3256 6023
3257 2948
3258 1748
3259 5145
3260 5455
3261 2097
3262 4177
3263 4760
3264 5954
3265 5877
3266 4801
3267 3958
3268 6728
3269 4190
3270 3039
3271 1503
3272 2678
3273 1374
3274 5985
3275 5934
3276 4151
3277 2627
3278 1107
3279 1917
3280 4905
3281 2786
3282 1991
3283 5752
3284 6034
3285 4148
3286 347
3287 2694
3288 3005
3289 6358
3290 5891
3291 4682
3292 3075
3293 2388
3294 2071
3295 839
3296 3260
3297 4120
3298 589
3299 310
3300 6029
3301 922
3302 4204
3303 5818
3304 1837
3305 4762
3306 133
3307 2228
3308 5729
3309 6708
3310 803
3311 4272
3312 4541
3313 3020
3314 5765
3315 6030
3316 5005
3317 5426
3318 6261
3319 4166
3320 1108
3321 6718
3322 2330
3323 3808
3324 4702
3325 1204
3326 3865
3327 2140
3328 2892
3329 2574
3330 4848
3331 61
3332 741
3333 3941
3334 2520
3335 6433
3336 421
3337 118
3338 3014
3339 4884
3340 5154
3341 5474
3342 4278
3343 2560
3344 2166
3345 6401
3346 4817
3347 1457
3348 1872
3349 1984
3350 1213
3351 6219
3352 6086
3353 3704
3354 5901
3355 2682
3356 995
3357 554
3358 6122
3359 5992
3360 2587
3361 875
3362 4529
3363 164
3364 2584
3365 2724
3366 6500
3367 5773
3368 5385
3369 6417
3370 4833
3371 3280
3372 1642
3373 1038
3374 5677
3375 3791
3376 2750
3377 3828
3378 4767
3379 1639
3380 3754
3381 3290
3382 3777
3383 6120
3384 2852
3385 4579
3386 2410
3387 3472
3388 4732
3389 2018
3390 5256
3391 3965
3392 4692
3393 5840
3394 1522
3395 3813
3396 3595
3397 1
3398 1049
3399 1436
3400 2564
3401 4359
3402 117
3403 3007
3404 4253
3405 574
3406 1172
3407 6419
3408 416
3409 5434
3410 1552
3411 5948
3412 3762
3413 3716
3414 3758
3415 1280
3416 2644
3417 2759
3418 2280
3419 3999
3420 5565
3421 6602
3422 4084
3423 1452
3424 3143
3425 898
3426 5659
3427 757
3428 4289
3429 2381
3430 5812
3431 2069
3432 456
3433 30
3434 863
3435 1804
3436 4780
3437 65
3438 3659
3439 3034
3440 3240
3441 4678
3442 177
3443 4659
3444 71
3445 551
3446 5623
3447 3465
3448 229
3449 2346
3450 5727
3451 6095
3452 3617
3453 671
3454 6360
3455 5927
3456 2325
3457 5524
3458 1433
3459 6688
3460 6469
3461 6730
3462 1997
3463 3378
3464 4099
3465 5164
3466 3071
3467 2857
3468 1177
3469 4668
3470 4920
3471 6649
3472 3199
3473 5063
3474 5621
3475 3479
3476 4959
3477 122
3478 1621
3479 1899
3480 2643
3481 367
3482 445
3483 4723
3484 6041
3485 5085
3486 2780
3487 736
3488 6807
3489 1206
3490 2047
3491 1784
3492 5131
3493 5464
3494 2887
3495 835
3496 5110
3497 2371
3498 4266
3499 1749
3500 2324
3501 1506
3502 6372
3503 1707
3504 6114
3505 4524
3506 4803
3507 3436
3508 2732
3509 2510
3510 6296
3511 1625
3512 533
3513 2677
3514 3235
3515 5966
3516 5930
3517 138
3518 2493
3519 6390
3520 2606
3521 6256
3522 1156
3523 5742
3524 1413
3525 5972
3526 3543
3527 1563
3528 5691
3529 3725
3530 510
3531 836
3532 3286
3533 6618
3534 1882
3535 1839
3536 2186
3537 882
3538 2944
3539 1149
3540 4323
3541 3085
3542 5146
3543 4459
3544 2811
3545 102
3546 5098
3547 6348
3548 2706
3549 895
3550 2083
3551 1760
3552 474
3553 366
3554 4462
3555 6612
3556 3049
3557 168
3558 6214
3559 1186
3560 1753
3561 4902
3562 5865
3563 4436
3564 5823
3565 2044
3566 3494
3567 912
3568 1230
3569 4293
3570 808
3571 6357
3572 4305
3573 1602
3574 4435
3575 2003
3576 3452
3577 5717
3578 4552
3579 6189
3580 5109
3581 4960
3582 2648
3583 5301
3584 2968
3585 1322
3586 6487
3587 3418
3588 1924
3589 812
3590 4573
3591 3488
3592 236
3593 1854
3594 307
3595 2450
3596 2242
3597 3498
3598 275
3599 6201
3600 2030
3601 4315
3602 813
3603 4231
3604 4772
3605 2998
3606 3090
3607 6633
3608 5961
3609 4161
3610 684
3611 286
3612 1871
3613 2549
3614 4036
3615 5726
3616 6583
3617 1310
3618 1703
3619 5634
3620 690
3621 36
3622 4254
3623 3867
3624 189
3625 5141
3626 5189
3627 1284
3628 5750
3629 4913
3630 6159
3631 1755
3632 4580
3633 233
3634 2249
3635 373
3636 5502
3637 6037
3638 4328
3639 2431
3640 6650
3641 3605
3642 1139
3643 1031
3644 3555
3645 3809
3646 4014
3647 3312
3648 3278
3649 1415
3650 2825
3651 2335
3652 1404
3653 666
3654 6742
3655 957
3656 5706
3657 5409
3658 6156
3659 1677
3660 1980
3661 4115
3662 1244
3663 3485
3664 6756
3665 4077
3666 5763
3667 6263
3668 1578
3669 4886
3670 4937
3671 4695
3672 4138
3673 6164
3674 5121
3675 805
3676 4449
3677 3647
3678 3484
3679 443
3680 2035
3681 69
3682 6776
3683 4851
3684 5584
3685 5014
3686 3749
3687 6506
3688 2714
3689 3259
3690 6447
3691 566
3692 3851
3693 3195
3694 1239
3695 6237
3696 2444
3697 2014
3698 3593
3699 4143
3700 6063
3701 1815
3702 1165
3703 3723
3704 5401
3705 1585
3706 3676
3707 1987
3708 4023
3709 5834
3710 687
3711 6519
3712 4125
3713 1289
3714 5430
3715 1150
3716 6403
3717 2308
3718 439
3719 2632
3720 3079
3721 2271
3722 2183
3723 6577
3724 2416
3725 6253
3726 1831
3727 5955
3728 4642
3729 2949
3730 6503
3731 6717
3732 4838
3733 601
3734 146
3735 226
3736 4719
3737 1946
3738 1950
3739 3214
3740 2853
3741 2414
3742 3735
3743 919
3744 772
3745 2979
3746 3722
3747 171
3748 5666
3749 3439
3750 208
3751 330
3752 106
3753 70
3754 4228
3755 5449
3756 3931
3757 4783
3758 1217
3759 1081
3760 1225
3761 5015
3762 6027
3763 3744
3764 5055
3765 3081
3766 3395
3767 1464
3768 2600
3769 4252
3770 1147
3771 6592
3772 5616
3773 685
3774 4396
3775 4275
3776 2162
3777 585
3778 5332
3779 1826
3780 4295
3781 6192
3782 4264
3783 2755
3784 4191
3785 5042
3786 6208
3787 4946
3788 1250
3789 6674
3790 4815
3791 2601
3792 5322
3793 3287
3794 6497
3795 4716
3796 735
3797 4007
3798 6762
3799 4079
3800 2277
3801 3613
3802 4283
3803 4434
3804 3680
3805 22
3806 2757
3807 4578
3808 6551
3809 4944
3810 2056
3811 3638
3812 2285
3813 4008
3814 6140
3815 5240
3816 5563
3817 3753
3818 1294
3819 1175
3820 5920
3821 4769
3822 3916
3823 1053
3824 6188
3825 2391
3826 5619
3827 3474
3828 3517
3829 2141
3830 1562
3831 3255
3832 5247
3833 2788
3834 3397
3835 614
3836 1276
3837 6366
3838 2179
3839 1045
3840 5287
3841 263
3842 318
3843 5854
3844 5233
3845 4770
3846 2134
3847 1456
3848 4227
3849 6085
3850 2580
3851 391
3852 5547
3853 2563
3854 6725
3855 4759
3856 1932
3857 3515
3858 5231
3859 4455
3860 6493
3861 2557
3862 5824
3863 4788
3864 5300
3865 771
3866 1002
3867 276
3868 1690
3869 412
3870 3057
3871 6295
3872 4938
3873 4356
3874 5339
3875 3025
3876 5890
3877 5665
3878 5746
3879 6297
3880 4473
3881 498
3882 1273
3883 862
3884 1055
3885 4746
3886 4927
3887 1332
3888 2459
3889 505
3890 404
3891 3783
3892 1492
3893 1589
3894 847
3895 4796
3896 1507
3897 6679
3898 2219
3899 4729
3900 1683
3901 6329
3902 1759
3903 5566
3904 5425
3905 2969
3906 3033
3907 4371
3908 3248
3909 6036
3910 5760
3911 2905
3912 1326
3913 4514
3914 5670
3915 977
3916 4492
3917 3120
3918 3326
3919 1713
3920 2860
3921 2519
3922 1311
3923 4442
3924 5068
3925 5867
3926 5810
3927 1275
3928 3527
3929 4968
3930 4001
3931 6669
3932 5718
3933 5048
3934 3616
3935 6455
3936 5484
3937 156
3938 6335
3939 1220
3940 6031
3941 828
3942 4649
3943 5929
3944 5572
3945 4439
3946 5907
3947 319
3948 3857
3949 2393
3950 612
3951 3533
3952 1268
3953 5119
3954 3913
3955 387
3956 2449
3957 838
3958 6772
3959 1435
3960 721
3961 2733
3962 5860
3963 4353
3964 6149
3965 484
3966 5477
3967 2888
3968 3947
3969 465
3970 5184
3971 5170
3972 6324
3973 4882
3974 5049
3975 1807
3976 1188
3977 5827
3978 6747
3979 4240
3980 948
3981 3171
3982 1791
3983 3709
3984 3038
3985 5275
3986 2373
3987 2802
3988 5599
3989 5673
3990 5289
3991 5374
3992 1879
3993 3686
3994 4542
3995 392
3996 5162
3997 4425
3998 5947
3999 1975
4000 2220
4001 129
4002 4433
4003 6258
4004 3940
4005 453
4006 759
4007 5779
4008 3706
4009 1948
4010 3951
4011 4660
4012 1071
4013 2659
4014 3257
4015 1235
4016 2637
4017 3384
4018 1640
4019 2139
4020 1110
4021 4761
4022 4802
4023 3599
4024 4373
4025 2147
4026 2801
4027 1715
4028 6724
4029 5070
4030 1730
4031 6626
4032 5486
4033 6791
4034 3055
4035 5358
4036 5585
4037 4638
4038 1442
4039 4201
4040 629
4041 1451
4042 5487
4043 6304
4044 2629
4045 6275
4046 5361
4047 242
4048 4236
4049 1395
4050 571
4051 305
4052 3677
4053 2022
4054 1076
4055 2647
4056 934
4057 1606
4058 1982
4059 578
4060 97
4061 2237
4062 5399
4063 3752
4064 6298
4065 3155
4066 1106
4067 708
4068 6495
4069 1349
4070 694
4071 37
4072 2907
4073 2114
4074 1191
4075 6337
4076 3413
4077 1751
4078 4132
4079 4012
4080 2889
4081 1600
4082 251
4083 2894
4084 785
4085 5800
4086 3274
4087 3348
4088 2847
4089 3944
4090 1494
4091 5174
4092 231
4093 477
4094 5983
4095 6652
4096 1680
4097 5079
4098 5143
4099 3772
4100 4029
4101 1898
4102 1866
4103 3766
4104 3642
4105 3249
4106 763
4107 3475
4108 5667
4109 6279
4110 1983
4111 1010
4112 4198
4113 6660
4114 5481
4115 2997
4116 3856
4117 6162
4118 1908
4119 195
4120 1911
4121 5690
4122 6580
4123 6349
4124 2451
4125 1208
4126 393
4127 2970
4128 3831
4129 4294
4130 4418
4131 647
4132 1063
4133 1058
4134 2484
4135 4577
4136 1155
4137 2573
4138 1232
4139 5646
4140 3938
4141 1000
4142 3455
4143 4463
4144 4777
4145 2906
4146 3877
4147 1499
4148 3319
4149 4966
4150 4028
4151 4828
4152 6642
4153 2779
4154 4918
4155 1920
4156 2378
4157 261
4158 452
4159 6299
4160 594
4161 2312
4162 4571
4163 4576
4164 5004
4165 1624
4166 487
4167 707
4168 5046
4169 3878
4170 992
4171 1429
4172 4934
4173 5497
4174 4654
4175 1189
4176 2170
4177 3610
4178 2594
4179 1180
4180 4314
4181 3985
4182 3188
4183 194
4184 5009
4185 732
4186 4822
4187 1648
4188 5937
4189 422
4190 1011
4191 5771
4192 3583
4193 2550
4194 5384
4195 2073
4196 2174
4197 4246
4198 2455
4199 4525
4200 1209
4201 2251
4202 2247
4203 5182
4204 2180
4205 6406
4206 1113
4207 6052
4208 2473
4209 2331
4210 5604
4211 4832
4212 1867
4213 1611
4214 4596
4215 3123
4216 4911
4217 5043
4218 3759
4219 1472
4220 543
4221 818
4222 4651
4223 3594
4224 5507
4225 3247
4226 2193
4227 1075
4228 6696
4229 4281
4230 3330
4231 1651
4232 3921
4233 648
4234 1565
4235 2638
4236 2495
4237 3961
4238 3505
4239 4615
4240 3664
4241 5123
4242 1420
4243 5521
4244 3437
4245 2650
4246 287
4247 4567
4248 4238
4249 6563
4250 3512
4251 2661
4252 6445
4253 4135
4254 5848
4255 6083
4256 1300
4257 2239
4258 5346
4259 2441
4260 3794
4261 1773
4262 4188
4263 4988
4264 1158
4265 3074
4266 4375
4267 5688
4268 3318
4269 5873
4270 2656
4271 6416
4272 3589
4273 4751
4274 175
4275 4710
4276 6118
4277 5232
4278 3654
4279 5608
4280 4776
4281 2634
4282 960
4283 4507
4284 6795
4285 5733
4286 4440
4287 1324
4288 2232
4289 2315
4290 4057
4291 4656
4292 6568
4293 2910
4294 4221
4295 1998
4296 1863
4297 2497
4298 6619
4299 5630
4300 2054
4301 559
4302 5809
4303 2153
4304 4461
4305 5151
4306 4494
4307 6183
4308 4617
4309 6019
4310 15
4311 4114
4312 5130
4313 3379
4314 722
4315 283
4316 2630
4317 3389
4318 1534
4319 6227
4320 63
4321 1016
4322 254
4323 2402
4324 964
4325 1812
4326 1173
4327 31
4328 6289
4329 4826
4330 2263
4331 5102
4332 397
4333 4178
4334 304
4335 5447
4336 3668
4337 1505
4338 1080
4339 5541
4340 6049
4341 1446
4342 986
4343 5826
4344 6161
4345 6530
4346 1902
4347 2043
4348 3104
4349 3189
4350 87
4351 2318
4352 6596
4353 1525
4354 270
4355 3046
4356 5353
4357 3557
4358 1752
4359 1152
4360 3192
4361 625
4362 1801
4363 5299
4364 5259
4365 6480
4366 5415
4367 4517
4368 6378
4369 181
4370 4936
4371 1537
4372 6695
4373 3358
4374 3864
4375 5978
4376 4249
4377 4392
4378 4058
4379 4689
4380 5417
4381 1586
4382 4621
4383 4709
4384 4026
4385 5294
4386 2236
4387 4311
4388 3305
4389 3354
4390 4942
4391 2058
4392 6538
4393 5761
4394 532
4395 1615
4396 2831
4397 3216
4398 6101
4399 3184
4400 590
4401 232
4402 4032
4403 5313
4404 5156
4405 3433
4406 5999
4407 1100
4408 5200
4409 546
4410 1689
4411 3000
4412 3957
4413 5368
4414 1572
4415 6492
4416 4216
4417 6657
4418 112
4419 4094
4420 2127
4421 3761
4422 6422
4423 1389
4424 663
4425 3410
4426 2316
4427 255
4428 4910
4429 1745
4430 1376
4431 2768
4432 1650
4433 5296
4434 2575
4435 1543
4436 1097
4437 593
4438 469
4439 5320
4440 3135
4441 5270
4442 2136
4443 6789
4444 1520
4445 6255
4446 6595
4447 4766
4448 4211
4449 2932
4450 2908
4451 3398
4452 2646
4453 550
4454 2137
4455 3430
4456 3030
4457 5126
4458 3036
4459 746
4460 1491
4461 2110
4462 4831
4463 4547
4464 1430
4465 2424
4466 4737
4467 6394
4468 5096
4469 3064
4470 3227
4471 6079
4472 6714
4473 221
4474 5739
4475 5998
4476 6054
4477 3990
4478 4839
4479 3720
4480 6559
4481 6533
4482 5870
4483 6158
4484 68
4485 1283
4486 873
4487 5825
4488 661
4489 4027
4490 1598
4491 3796
4492 1262
4493 5285
4494 3993
4495 3156
4496 4531
4497 1026
4498 6190
4499 1766
4500 6446
4501 4521
4502 3731
4503 1787
4504 2716
4505 3294
4506 525
4507 3219
4508 3343
4509 6287
4510 3004
4511 4634
4512 6202
4513 66
4514 788
4515 6330
4516 5778
4517 6072
4518 2041
4519 636
4520 6267
4521 4903
4522 1526
4523 464
4524 3962
4525 1261
4526 2813
4527 10
4528 3015
4529 1883
4530 4282
4531 2367
4532 5598
4533 3503
4534 3854
4535 3481
4536 6470
4537 6124
4538 4986
4539 3544
4540 3414
4541 2898
4542 5759
4543 3576
4544 5431
4545 2222
4546 5057
4547 4137
4548 1497
4549 3382
4550 714
4551 955
4552 76
4553 3137
4554 1935
4555 3760
4556 6711
4557 3136
4558 1916
4559 4950
4560 4095
4561 1253
4562 6323
4563 3197
4564 6693
4565 3771
4566 434
4567 2679
4568 790
4569 374
4570 5060
4571 2746
4572 2671
4573 3002
4574 3238
4575 5883
4576 581
4577 4890
4578 3301
4579 3224
4580 6409
4581 4000
4582 6691
4583 5839
4584 6006
4585 5575
4586 2730
4587 2303
4588 5693
4589 5286
4590 1988
4591 4427
4592 401
4593 5340
4594 1536
4595 5369
4596 6489
4597 3019
4598 3529
4599 5309
4600 1885
4601 5271
4602 1820
4603 1636
4604 1547
4605 6196
4606 1350
4607 5246
4608 5546
4609 744
4610 2002
4611 1811
4612 4981
4613 5509
4614 3980
4615 4821
4616 982
4617 6008
4618 1887
4619 1084
4620 3230
4621 2089
4622 2558
4623 4758
4624 1495
4625 3406
4626 400
4627 2269
4628 3283
4629 5380
4630 4916
4631 1608
4632 5116
4633 1516
4634 2264
4635 675
4636 3926
4637 2252
4638 3748
4639 583
4640 3146
4641 6443
4642 259
4643 1221
4644 4069
4645 4493
4646 5128
4647 5003
4648 561
4649 1722
4650 541
4651 6301
4652 2300
4653 3912
4654 2955
4655 3296
4656 4592
4657 628
4658 5549
4659 730
4660 907
4661 390
4662 2652
4663 4586
4664 4667
4665 973
4666 81
4667 3841
4668 6307
4669 211
4670 2031
4671 768
4672 2485
4673 5196
4674 2982
4675 2103
4676 23
4677 1957
4678 1234
4679 1744
4680 2812
4681 662
4682 3528
4683 5304
4684 6593
4685 967
4686 1659
4687 423
4688 1693
4689 2974
4690 6522
4691 5376
4692 1658
4693 724
4694 6750
4695 1910
4696 3186
4697 5626
4698 2593
4699 2902
4700 3
4701 911
4702 580
4703 6271
4704 4998
4705 4226
4706 4539
4707 3073
4708 58
4709 1085
4710 3466
4711 2927
4712 4131
4713 1661
4714 5991
4715 345
4716 1467
4717 925
4718 3683
4719 5518
4720 649
4721 5456
4722 1591
4723 4872
4724 3670
4725 2218
4726 126
4727 144
4728 1018
4729 2224
4730 3471
4731 5749
4732 3093
4733 1610
4734 2598
4735 3271
4736 4792
4737 4230
4738 1233
4739 2413
4740 6007
4741 2708
4742 5290
4743 2618
4744 2217
4745 1968
4746 3185
4747 937
4748 2279
4749 3763
4750 2344
4751 2194
4752 849
4753 1746
4754 5280
4755 1453
4756 1483
4757 360
4758 238
4759 5229
4760 3352
4761 2942
4762 6003
4763 3780
4764 6478
4765 1359
4766 5157
4767 3806
4768 1385
4769 2029
4770 338
4771 2096
4772 4355
4773 4022
4774 2772
4775 5650
4776 2611
4777 2728
4778 1334
4779 277
4780 3204
4781 2990
4782 5441
4783 3509
4784 2480
4785 2008
4786 1109
4787 4627
4788 5029
4789 1767
4790 4152
4791 959
4792 2202
4793 4480
4794 2736
4795 4194
4796 6032
4797 6134
4798 3640
4799 4134
4800 3782
4801 2658
4802 5354
4803 173
4804 5577
4805 1934
4806 5258
4807 1328
4808 2841
4809 877
4810 2125
4811 1140
4812 0
4813 2080
4814 6555
4815 4150
4816 2895
4817 29
4818 6225
4819 4513
4820 719
4821 2633
4822 520
4823 4182
4824 1731
4825 462
4826 1550
4827 819
4828 150
4829 840
4830 2301
4831 2995
4832 2742
4833 5640
4834 6082
4835 4088
4836 6410
4837 778
4838 4595
4839 829
4840 3590
4841 2466
4842 5074
4843 1940
4844 1027
4845 6204
4846 691
4847 5642
4848 431
4849 4800
4850 4519
4851 5323
4852 3076
4853 588
4854 4677
4855 930
4856 2830
4857 796
4858 3086
4859 5522
4860 3756
4861 844
4862 3361
4863 2824
4864 3797
4865 3785
4866 4118
4867 6769
4868 2360
4869 5396
4870 6687
4871 2132
4872 5263
4873 5796
4874 568
4875 42
4876 5159
4877 2032
4878 2250
4879 6745
4880 3574
4881 3514
4882 6486
4883 4251
4884 6244
4885 2289
4886 924
4887 4569
4888 6477
4889 644
4890 6543
4891 429
4892 5059
4893 5852
4894 3165
4895 3830
4896 4062
4897 4020
4898 1747
4899 4669
4900 5198
4901 6421
4902 5390
4903 4140
4904 4478
4905 4608
4906 6226
4907 6590
4908 57
4909 3651
4910 60
4911 2866
4912 2610
4913 2686
4914 2542
4915 1584
4916 4835
4917 5504
4918 1599
4919 2865
4920 2921
4921 3792
4922 5923
4923 2164
4924 5653
4925 4921
4926 6239
4927 4303
4928 931
4929 3416
4930 522
4931 2267
4932 6496
4933 5977
4934 3099
4935 4064
4936 5794
4937 1716
4938 4555
4939 2258
4940 3598
4941 3338
4942 4059
4943 2626
4944 2810
4945 2171
4946 4045
4947 1382
4948 6675
4949 5306
4950 1528
4951 311
4952 5209
4953 4540
4954 3632
4955 5140
4956 3166
4957 2486
4958 6685
4959 2231
4960 6339
4961 4284
4962 3026
4963 4679
4964 6043
4965 5694
4966 799
4967 472
4968 2960
4969 715
4970 2398
4971 6300
4972 3387
4973 7
4974 3894
4975 3473
4976 2978
4977 4861
4978 4147
4979 5603
4980 1246
4981 3403
4982 4688
4983 6332
4984 6808
4985 3423
4986 5553
4987 6686
4988 5644
4989 3577
4990 4469
4991 3746
4992 5926
4993 5452
4994 1798
4995 2582
4996 4859
4997 2182
4998 2093
4999 1361
5000 500
5001 5439
5002 5904
5003 2720
5004 2833
5005 5262
5006 3636
5007 6064
5008 1771
5009 1571
5010 2145
5011 3929
5012 6720
5013 2025
5014 2528
5015 3369
5016 3738
5017 4217
5018 4741
5019 2718
5020 6684
5021 4199
5022 4430
5023 4093
5024 2257
5025 5107
5026 6172
5027 3935
5028 5073
5029 5191
5030 2394
5031 5379
5032 804
5033 4857
5034 3006
5035 4799
5036 5906
5037 1222
5038 1803
5039 6449
5040 2112
5041 1153
5042 2814
5043 2189
5044 4432
5045 6119
5046 5903
5047 4162
5048 4286
5049 2072
5050 1926
5051 396
5052 3499
5053 6073
5054 131
5055 837
5056 3152
5057 155
5058 6564
5059 6024
5060 341
5061 1834
5062 5896
5063 6732
5064 1231
5065 3276
5066 5895
5067 6498
5068 6046
5069 6312
5070 4168
5071 5831
5072 4997
5073 5331
5074 1604
5075 3356
5076 5988
5077 382
5078 2819
5079 3789
5080 3177
5081 1295
5082 943
5083 6200
5084 1033
5085 3372
5086 1196
5087 3013
5088 5253
5089 2726
5090 1861
5091 5436
5092 110
5093 1951
5094 3556
5095 6218
5096 5391
5097 4345
5098 1336
5099 3774
5100 5734
5101 3815
5102 197
5103 6146
5104 5112
5105 4477
5106 3801
5107 5990
5108 420
5109 5210
5110 1305
5111 249
5112 928
5113 4641
5114 2343
5115 1428
5116 4526
5117 1005
5118 2973
5119 5137
5120 5969
5121 729
5122 2688
5123 1463
5124 779
5125 658
5126 1459
5127 705
5128 4584
5129 4636
5130 5515
5131 6746
5132 4258
5133 6570
5134 1793
5135 6369
5136 6591
5137 5334
5138 5027
5139 5710
5140 3518
5141 2053
5142 3098
5143 2517
5144 1185
5145 4657
5146 3927
5147 4696
5148 3623
5149 676
5150 4594
5151 333
5152 3112
5153 6754
5154 6327
5155 1699
5156 5020
5157 3839
5158 1425
5159 3802
5160 1029
5161 4575
5162 4324
5163 4316
5164 963
5165 6802
5166 1697
5167 64
5168 1019
5169 1852
5170 4620
5171 4804
5172 5668
5173 4377
5174 6084
5175 791
5176 4922
5177 6020
5178 4262
5179 592
5180 1370
5181 2412
5182 5038
5183 440
5184 1074
5185 1668
5186 1994
5187 4553
5188 4505
5189 6709
5190 833
5191 6606
5192 4301
5193 2581
5194 5208
5195 227
5196 5675
5197 2958
5198 6015
5199 4991
5200 2309
5201 6670
5202 2981
5203 134
5204 3206
5205 395
5206 5406
5207 4721
5208 5730
5209 4409
5210 2433
5211 4807
5212 2912
5213 4506
5214 2913
5215 947
5216 5979
5217 4768
5218 2590
5219 1432
5220 3896
5221 1892
5222 1313
5223 1521
5224 1822
5225 3778
5226 92
5227 2020
5228 3621
5229 679
5230 6288
5231 5249
5232 2115
5233 137
5234 2361
5235 3092
5236 1739
5237 6283
5238 5213
5239 2254
5240 6771
5241 6770
5242 2333
5243 2121
5244 2884
5245 558
5246 740
5247 3849
5248 6385
5249 3162
5250 3032
5251 4159
5252 6414
5253 4713
5254 5672
5255 3506
5256 1383
5257 1959
5258 1069
5259 1065
5260 1043
5261 4313
5262 3157
5263 5788
5264 1163
5265 1460
5266 3205
5267 1468
5268 191
5269 3764
5270 2782
5271 5007
5272 116
5273 5568
5274 3174
5275 3871
5276 3545
5277 1201
5278 1827
5279 6793
5280 2764
5281 4701
5282 331
5283 1645
5284 2421
5285 3715
5286 6062
5287 6313
5288 5558
5289 2021
5290 3438
5291 272
5292 894
5293 343
5294 6461
5295 337
5296 6671
5297 4300
5298 5195
5299 4130
5300 2928
5301 1682
5302 5841
5303 5435
5304 1561
5305 2227
5306 441
5307 1669
5308 4590
5309 2621
5310 492
5311 5701
5312 3329
5313 4196
5314 6148
5315 5446
5316 5338
5317 653
5318 1064
5319 2028
5320 6353
5321 2855
5322 3380
5323 6614
5324 6139
5325 1320
5326 3672
5327 6157
5328 3635
5329 5179
5330 1351
5331 929
5332 5878
5333 262
5334 1003
5335 6
5336 1664
5337 2339
5338 408
5339 1964
5340 3697
5341 5987
5342 3603
5343 1582
5344 5072
5345 5931
5346 4129
5347 5127
5348 2442
5349 5223
5350 742
5351 3493
5352 815
5353 6667
5354 3833
5355 6408
5356 2797
5357 1192
5358 3017
5359 2027
5360 4117
5361 1380
5362 2345
5363 5201
5364 4747
5365 96
5366 6799
5367 187
5368 5660
5369 5370
5370 1958
5371 172
5372 6088
5373 149
5374 2645
5375 199
5376 5612
5377 1498
5378 6343
5379 3468
5380 5664
5381 5488
5382 2946
5383 147
5384 1797
5385 5519
5386 3080
5387 1443
5388 4423
5389 1309
5390 4139
5391 239
5392 5993
5393 4244
5394 6639
5395 2068
5396 5816
5397 4233
5398 1927
5399 26
5400 613
5401 3370
5402 1603
5403 2980
5404 461
5405 1684
5406 756
5407 4362
5408 5709
5409 860
5410 584
5411 855
5412 5329
5413 1919
5414 3824
5415 3853
5416 5398
5417 1278
5418 2877
5419 6093
5420 1647
5421 4033
5422 2057
5423 2216
5424 3795
5425 6328
5426 5319
5427 4924
5428 3959
5429 5580
5430 1569
5431 4623
5432 6485
5433 2191
5434 5017
5435 2983
5436 5470
5437 2423
5438 3682
5439 6174
5440 1004
5441 1976
5442 3072
5443 1145
5444 4327
5445 410
5446 3302
5447 2953
5448 253
5449 683
5450 910
5451 4501
5452 3225
5453 2498
5454 4410
5455 5466
5456 314
5457 1146
5458 460
5459 297
5460 4474
5461 3107
5462 5454
5463 3875
5464 3910
5465 851
5466 4897
5467 3903
5468 5534
5469 5106
5470 5272
5471 6726
5472 5345
5473 3836
5474 2504
5475 2479
5476 5756
5477 293
5478 5744
5479 2379
5480 1700
5481 3327
5482 4616
5483 2016
5484 769
5485 2883
5486 4602
5487 151
5488 3402
5489 1086
5490 4824
5491 5138
5492 6681
5493 148
5494 6392
5495 6191
5496 2553
5497 4877
5498 1881
5499 1340
5500 4317
5501 1397
5502 3103
5503 4818
5504 1575
5505 5829
5506 1825
5507 6553
5508 2899
5509 6764
5510 432
5511 5492
5512 2756
5513 2292
5514 3966
5515 2472
5516 6276
5517 3309
5518 6215
5519 5538
5520 1434
5521 1020
5522 767
5523 5216
5524 2448
5525 1307
5526 3563
5527 2006
5528 3859
5529 4044
5530 4049
5531 1947
5532 3222
5533 709
5534 3321
5535 4687
5536 801
5537 700
5538 1368
5539 6494
5540 5602
5541 3567
5542 1117
5543 5129
5544 6801
5545 970
5546 4292
5547 3169
5548 3691
5549 184
5550 3201
5551 5378
5552 2108
5553 6308
5554 2383
5555 5649
5556 1437
5557 1891
5558 4121
5559 616
5560 5569
5561 3317
5562 4711
5563 945
5564 3408
5565 761
5566 4456
5567 3457
5568 1836
5569 3037
5570 3367
5571 883
5572 3077
5573 3889
5574 2748
5575 5365
5576 488
5577 6624
5578 3056
5579 5842
5580 774
5581 1407
5582 483
5583 16
5584 1929
5585 1688
5586 6473
5587 3391
5588 3243
5589 1634
5590 127
5591 5798
5592 6611
5593 4342
5594 2919
5595 4346
5596 3229
5597 5528
5598 3088
5599 159
5600 2272
5601 3718
5602 5676
5603 5787
5604 1961
5605 3924
5606 2212
5607 2107
5608 6418
5609 2791
5610 415
5611 4745
5612 2049
5613 4031
5614 6434
5615 5161
5616 6397
5617 502
5618 1426
5619 4466
5620 2286
5621 1059
5622 6483
5623 4087
5624 6467
5625 2075
5626 2585
5627 1533
5628 3979
5629 4739
5630 3530
5631 2628
5632 5445
5633 4076
5634 4491
5635 6465
5636 3048
5637 3611
5638 4774
5639 3223
5640 4570
5641 4372
5642 14
5643 6270
5644 4895
5645 12
5646 2066
5647 5150
5648 1105
5649 2923
5650 1061
5651 4900
5652 4763
5653 1868
5654 4287
5655 212
5656 1685
5657 6713
5658 3492
5659 1022
5660 6502
5661 5468
5662 3250
5663 4098
5664 1422
5665 3665
5666 4060
5667 4431
5668 1041
5669 2936
5670 5139
5671 3648
5672 5556
5673 5120
5674 3122
5675 1725
5676 1514
5677 3822
5678 2868
5679 6616
5680 3751
5681 2422
5682 717
5683 1720
5684 2463
5685 3027
5686 3500
5687 20
5688 2649
5689 3521
5690 2961
5691 4532
5692 6524
5693 4485
5694 826
5695 3899
5696 5539
5697 3516
5698 6779
5699 3637
5700 786
5701 2233
5702 3208
5703 5932
5704 1673
5705 170
5706 2446
5707 6573
5708 5595
5709 6571
5710 5737
5711 2011
5712 6544
5713 3804
5714 62
5715 1893
5716 5081
5717 3304
5718 1655
5719 1023
5720 1981
5721 2156
5722 5293
5723 5967
5724 3334
5725 5910
5726 1245
5727 4052
5728 5606
5729 6107
5730 6393
5731 5704
5732 6145
5733 4291
5734 2287
5735 4690
5736 210
5737 1862
5738 458
5739 3650
5740 6155
5741 1399
5742 5590
5743 6758
5744 1723
5745 2941
5746 3955
5747 4509
5748 4499
5749 1674
5750 4100
5751 2816
5752 4755
5753 4972
5754 2758
5755 241
5756 5971
5757 1529
5758 5815
5759 3209
5760 6277
5761 2699
5762 2037
5763 4671
5764 3711
5765 5708
5766 6605
5767 5206
5768 3239
5769 6367
5770 6625
5771 355
5772 5237
5773 2488
5774 5114
5775 1605
5776 1412
5777 4753
5778 2496
5779 718
5780 4530
5781 6017
5782 4405
5783 630
5784 2314
5785 4126
5786 4276
5787 3700
5788 5894
5789 782
5790 2255
5791 4290
5792 1417
5793 2205
5794 258
5795 4452
5796 6509
5797 3232
5798 2327
5799 1832
5800 4967
5801 4557
5802 3803
5803 1337
5804 1478
5805 5723
5806 611
5807 6094
5808 6317
5809 4673
5810 281
5811 896
5812 2104
5813 5747
5814 4185
5815 923
5816 312
5817 6209
5818 6663
5819 854
5820 4366
5821 344
5822 3266
5823 5678
5824 2878
5825 814
5826 5508
5827 6038
5828 3581
5829 3373
5830 1375
5831 357
5832 3816
5833 2438
5834 6582
5835 1704
5836 692
5837 5776
5838 79
5839 4080
5840 4090
5841 5655
5842 635
5843 4930
5844 3108
5845 6475
5846 4684
5847 5408
5848 44
5849 6363
5850 78
5851 2017
5852 438
5853 4357
5854 1794
5855 5754
5856 4698
5857 169
5858 5592
5859 3087
5860 2401
5861 2365
5862 335
5863 5482
5864 950
5865 2359
5866 5158
5867 248
5868 4113
5869 2926
5870 381
5871 6398
5872 1256
5873 4407
5874 85
5875 4963
5876 389
5877 6550
5878 5715
5879 6710
5880 1090
5881 5889
5882 4837
5883 2578
5884 3726
5885 3234
5886 5837
5887 6505
5888 2774
5889 579
5890 4744
5891 6658
5892 1643
5893 3559
5894 5480
5895 6001
5896 5094
5897 1341
5898 3687
5899 5054
5900 2827
5901 6490
5902 6089
5903 3432
5904 3784
5905 274
5906 605
5907 5490
5908 1928
5909 4954
5910 5367
5911 4562
5912 1048
5913 2074
5914 5835
5915 2102
5916 6346
5917 5498
5918 5607
5919 795
5920 2052
5921 6291
5922 5360
5923 6683
5924 3405
5925 4764
5926 6153
5927 1913
5928 5496
5929 490
5930 4364
5931 1013
5932 246
5933 3688
5934 3568
5935 820
5936 4401
5937 701
5938 1028
5939 3656
5940 1513
5941 6177
5942 3181
5943 3245
5944 5312
5945 5344
5946 1733
5947 5736
5948 4775
5949 1711
5950 6340
5951 2705
5952 1774
5953 1461
5954 3394
5955 6179
5956 2067
5957 1635
5958 1501
5959 2328
5960 3601
5961 5916
5962 3167
5963 2039
5964 243
5965 5505
5966 405
5967 916
5968 3823
5969 5530
5970 90
5971 5105
5972 100
5973 506
5974 3779
5975 4110
5976 1829
5977 4605
5978 228
5979 6354
5980 4856
5981 6016
5982 4322
5983 1237
5984 1727
5985 4726
5986 2111
5987 2843
5988 2206
5989 1558
5990 5366
5991 5940
5992 1333
5993 5797
5994 4354
5995 6178
5996 6621
5997 1271
5998 1775
5999 752
6000 1423
6001 1343
6002 1985
6003 486
6004 3786
6005 6326
6006 4195
6007 619
6008 6111
6009 2867
6010 5350
6011 6211
6012 4527
6013 1719
6014 2840
6015 4585
6016 5212
6017 1686
6018 2588
6019 3252
6020 3564
6021 5252
6022 2468
6023 1800
6024 5552
6025 371
6026 2715
6027 3307
6028 4312
6029 3893
6030 6292
6031 4053
6032 4619
6033 1790
6034 3445
6035 5976
6036 4202
6037 6035
6038 1741
6039 2386
6040 3728
6041 1592
6042 1166
6043 591
6044 3922
6045 1949
6046 1471
6047 1995
6048 3190
6049 2653
6050 2298
6051 569
6052 4046
6053 1347
6054 4976
6055 2959
6056 3133
6057 4842
6058 123
6059 481
6060 4952
6061 6269
6062 5506
6063 6013
6064 27
6065 223
6066 3673
6067 2832
6068 3790
6069 3183
6070 3070
6071 3067
6072 4070
6073 4101
6074 1267
6075 5314
6076 6426
6077 271
6078 5032
6079 3609
6080 1510
6081 6727
6082 1424
6083 2419
6084 3588
6085 2196
6086 6450
6087 1870
6088 4878
6089 3459
6090 3458
6091 509
6092 5875
6093 3228
6094 1006
6095 5080
6096 6645
6097 1259
6098 6703
6099 4153
6100 6662
6101 766
6102 1012
6103 1358
6104 4351
6105 2596
6106 5357
6107 4785
6108 3265
6109 1485
6110 4603
6111 4339
6112 6719
6113 3142
6114 6452
6115 1182
6116 3041
6117 1938
6118 2458
6119 1032
6120 5583
6121 1078
6122 6021
6123 260
6124 3328
6125 511
6126 2187
6127 190
6128 6610
6129 5267
6130 4205
6131 6151
6132 5092
6133 6527
6134 2612
6135 5463
6136 3633
6137 4369
6138 2326
6139 1258
6140 3629
6141 1054
6142 267
6143 3024
6144 2701
6145 3928
6146 3991
6147 3453
6148 2514
6149 4925
6150 547
6151 4706
6152 1025
6153 4363
6154 119
6155 3040
6156 2015
6157 1364
6158 686
6159 1568
6160 6075
6161 599
6162 4498
6163 2893
6164 5589
6165 2996
6166 4520
6167 6382
6168 5485
6169 507
6170 3044
6171 1419
6172 444
6173 5722
6174 5888
6175 4203
6176 4067
6177 1764
6178 5986
6179 1269
6180 2288
6181 933
6182 6501
6183 2357
6184 5871
6185 105
6186 5533
6187 5782
6188 6290
6189 6712
6190 2165
6191 6396
6192 5601
6193 2033
6194 4587
6195 2241
6196 2950
6197 1447
6198 4397
6199 670
6200 4269
6201 3340
6202 3374
6203 3866
6204 764
6205 1601
6206 6804
6207 299
6208 4551
6209 3456
6210 6058
6211 4133
6212 18
6213 3320
6214 5560
6215 6737
6216 2319
6217 3649
6218 3696
6219 597
6220 1315
6221 704
6222 621
6223 2400
6224 219
6225 4914
6226 3546
6227 563
6228 2059
6229 325
6230 6694
6231 1619
6232 4793
6233 2437
6234 6238
6235 5266
6236 6207
6237 5853
6238 940
6239 5828
6240 1626
6241 6507
6242 5950
6243 2967
6244 984
6245 3895
6246 4906
6247 3742
6248 3773
6249 3900
6250 4528
6251 1573
6252 3299
6253 4174
6254 5680
6255 927
6256 3193
6257 6009
6258 4974
6259 3698
6260 5056
6261 3679
6262 2524
6263 688
6264 4237
6265 3510
6266 4402
6267 6109
6268 4849
6269 6471
6270 5792
6271 1168
6272 3400
6273 34
6274 5351
6275 2260
6276 3279
6277 4187
6278 4805
6279 6512
6280 402
6281 4271
6282 5411
6283 6760
6284 6632
6285 2700
6286 2050
6287 920
6288 673
6289 4816
6290 3950
6291 6462
6292 3511
6293 1067
6294 6311
6295 825
6296 3364
6297 3096
6298 1618
6299 5442
6300 4664
6301 6096
6302 2891
6303 6532
6304 3536
6305 3948
6306 3879
6307 1681
6308 2664
6309 2775
6310 6548
6311 2770
6312 845
6313 1698
6314 1306
6315 1905
6316 4441
6317 3272
6318 5705
6319 74
6320 3449
6321 1675
6322 4486
6323 4898
6324 6116
6325 3622
6326 1641
6327 6106
6328 1637
6329 3708
6330 4904
6331 5493
6332 3051
6333 2207
6334 892
6335 4224
6336 2229
6337 2390
6338 5540
6339 802
6340 716
6341 5284
6342 3532
6343 3462
6344 4990
6345 4537
6346 3233
6347 4334
6348 6794
6349 5548
6350 1518
6351 2158
6352 6689
6353 4860
6354 1391
6355 4600
6356 3945
6357 6150
6358 787
6359 6319
6360 4004
6361 2163
6362 450
6363 2494
6364 3597
6365 622
6366 2507
6367 1044
6368 5511
6369 1965
6370 6131
6371 4915
6372 4263
6373 358
6374 6539
6375 198
6376 413
6377 2640
6378 3662
6379 2460
6380 2375
6381 2019
6382 6488
6383 2976
6384 1198
6385 6525
6386 4875
6387 2142
6388 3904
6389 2874
6390 1079
6391 2354
6392 4186
6393 167
6394 6515
6395 4867
6396 6272
6397 5405
6398 1102
6399 4082
6400 6129
6401 4376
6402 4265
6403 2781
6404 5416
6405 5674
6406 695
6407 1248
6408 4626
6409 6643
6410 1298
6411 2084
6412 1694
6413 4522
6414 5996
6415 2654
6416 368
6417 1960
6418 3855
6419 2445
6420 2985
6421 6053
6422 6561
6423 552
6424 738
6425 3495
6426 2253
6427 4601
6428 6359
6429 2040
6430 2538
6431 273
6432 4993
6433 4827
6434 4329
6435 5725
6436 2783
6437 1783
6438 3339
6439 2304
6440 1978
6441 4703
6442 3587
6443 5148
6444 1114
6445 3919
6446 4722
6447 1449
6448 2613
6449 2986
6450 6069
6451 6154
6452 5086
6453 4854
6454 427
6455 4855
6456 2436
6457 3029
6458 2534
6459 5026
6460 5554
6461 5226
6462 3721
6463 6389
6464 75
6465 6121
6466 6350
6467 6690
6468 1895
6469 2864
6470 3316
6471 5437
6472 3134
6473 6377
6474 4092
6475 5341
6476 560
6477 1159
6478 1622
6479 5784
6480 2951
6481 1203
6482 6376
6483 4614
6484 185
6485 4167
6486 3920
6487 5683
6488 6254
6489 980
6490 2453
6491 6229
6492 5277
6493 4458
6494 5090
6495 6431
6496 4928
6497 4215
6498 6278
6499 6741
6500 6117
6501 1345
6502 6025
6503 4858
6504 47
6505 2372
6506 2522
6507 2599
6508 5310
6509 1806
6510 3566
6511 5535
6512 861
6513 3314
6514 4736
6515 2680
6516 2778
6517 1338
6518 2322
6519 2024
6520 4490
6521 5308
6522 3047
6523 3151
6524 315
6525 5395
6526 4705
6527 1944
6528 143
6529 6423
6530 442
6531 6099
6532 728
6533 2933
6534 4105
6535 5892
6536 4123
6537 3212
6538 6325
6539 1148
6540 1728
6541 5855
6542 132
6543 4471
6544 2784
6545 5698
6546 1224
6547 6748
6548 2192
6549 5352
6550 936
6551 1093
6552 5610
6553 209
6554 2349
6555 4704
6556 4502
6557 1992
6558 84
6559 3368
6560 798
6561 5433
6562 4693
6563 5499
6564 1855
6565 5133
6566 5858
6567 113
6568 1657
6569 4708
6570 4743
6571 4318
6572 4061
6573 5118
6574 2568
6575 2655
6576 5087
6577 466
6578 1901
6579 166
6580 5918
6581 1889
6582 6368
6583 2576
6584 821
6585 6143
6586 733
6587 3781
6588 252
6589 5994
6590 3313
6591 865
6592 3306
6593 1484
6594 3404
6595 4212
6596 3619
6597 6142
6598 4184
6599 3874
6600 4546
6601 5637
6602 437
6603 3607
6604 3974
6605 1742
6606 3578
6607 4765
6608 4083
6609 4038
6610 1112
6611 4417
6612 5942
6613 3666
6614 659
6615 6171
6616 4625
6617 899
6618 2374
6619 3236
6620 54
6621 6260
6622 514
6623 3992
6624 196
6625 6281
6626 4653
6627 2639
6628 468
6629 5600
6630 3868
6631 1860
6632 4025
6633 4544
6634 3811
6635 5251
6636 5700
6637 2332
6638 3535
6639 641
6640 1814
6641 2918
6642 5342
6643 2123
6644 2532
6645 4448
6646 1708
6647 4106
6648 3322
6649 6517
6650 3008
6651 4899
6652 5238
6653 2604
6654 1876
6655 2130
6656 4640
6657 5917
6658 2635
6659 531
6660 1176
6661 494
6662 4145
6663 2954
6664 6454
6665 5273
6666 6584
6667 5321
6668 3987
6669 5638
6670 4041
6671 1490
6672 6265
6673 4574
6674 1486
6675 1487
6676 4374
6677 2175
6678 4907
6679 234
6680 1781
6681 6206
6682 2475
6683 2533
6684 6682
6685 1665
6686 5762
6687 2430
6688 5697
6689 4885
6690 3084
6691 1009
6692 2336
6693 553
6694 4975
6695 1331
6696 5984
6697 4931
6698 6668
6699 6437
6700 4183
6701 2385
6702 3213
6703 956
6704 5859
6705 879
6706 832
6707 4207
6708 609
6709 1421
6710 4255
6711 4412
6712 4730
6713 6537
6714 5714
6715 5636
6716 4535
6717 2456
6718 6635
6719 6576
6720 677
6721 121
6722 3480
6723 3842
6724 2934
6725 1894
6726 2854
6727 6286
6728 913
6729 3689
6730 6306
6731 5899
6732 4631
6733 905
6734 3401
6735 3880
6736 1482
6737 4810
6738 6523
6739 1024
6740 3572
6741 567
6742 3858
6743 6600
6744 2741
6745 810
6746 651
6747 1581
6748 3126
6749 2209
6750 3885
6751 2506
6752 4476
6753 2540
6754 1974
6755 5887
6756 521
6757 455
6758 386
6759 3626
6760 4444
6761 4933
6762 3131
6763 5869
6764 5639
6765 2124
6766 5363
6767 282
6768 6499
6769 1353
6770 1439
6771 3846
6772 1301
6773 4200
6774 1609
6775 5997
6776 5936
6777 4218
6778 6331
6779 2454
6780 2198
6781 4157
6782 1121
6783 2947
6784 4515
6785 4871
6786 1567
6787 1859
6788 3386
6789 6285
6790 2559
6791 5844
6792 339
6793 985
6794 3971
6795 806
6796 6491
6797 1936
6798 1750
6799 224
6800 4883
6801 5813
6802 2128
6803 4630
6804 2876
6805 216
6806 3160
6807 6654
6808 2529
