0 484
1 1884
2 2958
3 1008
4 4051
5 1062
6 2038
7 63
8 1613
9 3425
10 2121
11 3654
12 2238
13 3816
14 606
15 2782
16 717
17 2577
18 302
19 3730
20 3856
21 4912
22 1256
23 431
24 846
25 4213
26 3717
27 224
28 3842
29 1563
30 2681
31 918
32 3729
33 605
34 1023
35 3850
36 952
37 3661
38 2302
39 1165
40 632
41 1242
42 3925
43 3709
44 4377
45 1723
46 4485
47 382
48 2753
49 82
50 615
51 1291
52 3892
53 1602
54 3057
55 2831
56 3215
57 796
58 4386
59 4963
60 2653
61 4288
62 1634
63 4863
64 3441
65 2677
66 997
67 3960
68 2975
69 3390
70 2942
71 2700
72 360
73 1807
74 793
75 4099
76 590
77 317
78 2114
79 2242
80 1724
81 60
82 4183
83 3530
84 2928
85 489
86 1505
87 1963
88 1816
89 1600
90 1635
91 896
92 2850
93 1365
94 4672
95 2244
96 2629
97 1477
98 451
99 1257
100 4899
101 4861
102 2030
103 180
104 1571
105 1218
106 249
107 4427
108 4949
109 2002
110 2524
111 1124
112 42
113 3805
114 2479
115 3103
116 2218
117 3592
118 1264
119 1553
120 401
121 1693
122 3686
123 2472
124 2732
125 4904
126 1564
127 794
128 3509
129 3837
130 309
131 2865
132 2143
133 1356
134 1141
135 1527
136 2373
137 2363
138 1667
139 778
140 2618
141 2973
142 2818
143 466
144 3676
145 2018
146 818
147 4265
148 2804
149 2763
150 1096
151 2898
152 1427
153 2627
154 2215
155 2500
156 1755
157 3752
158 4293
159 968
160 4044
161 359
162 1026
163 3034
164 891
165 3080
166 1121
167 4090
168 393
169 3585
170 4587
171 1820
172 2669
173 1688
174 97
175 3111
176 1158
177 1675
178 3705
179 4404
180 4691
181 2571
182 1001
183 2153
184 699
185 3263
186 3270
187 2314
188 4308
189 2800
190 503
191 14
192 2381
193 8
194 600
195 614
196 4184
197 1017
198 3447
199 1155
200 1927
201 1664
202 2100
203 3158
204 1235
205 3321
206 260
207 1865
208 4
209 755
210 488
211 696
212 866
213 2896
214 4591
215 1779
216 2209
217 782
218 4206
219 1070
220 2256
221 3696
222 4802
223 4544
224 2848
225 1952
226 1100
227 2735
228 4736
229 889
230 3536
231 3003
232 4137
233 3179
234 342
235 2801
236 3769
237 707
238 3519
239 2862
240 1351
241 762
242 2098
243 4015
244 2632
245 2643
246 3794
247 585
248 1581
249 3477
250 34
251 1790
252 381
253 3918
254 2931
255 4489
256 1476
257 25
258 125
259 554
260 2708
261 4533
262 1346
263 3591
264 4545
265 2368
266 4046
267 3732
268 3185
269 2488
270 1322
271 3486
272 4804
273 4111
274 1424
275 3644
276 4577
277 956
278 37
279 1567
280 4117
281 3156
282 1754
283 4778
284 1361
285 3748
286 2127
287 1005
288 3828
289 2910
290 4785
291 4744
292 1828
293 2475
294 1238
295 650
296 3357
297 4471
298 4138
299 478
300 2133
301 3814
302 2337
303 2494
304 129
305 2566
306 3902
307 4139
308 3544
309 1662
310 4774
311 3909
312 3773
313 2981
314 4827
315 3094
316 2272
317 2885
318 383
319 3345
320 444
321 3671
322 797
323 1014
324 3776
325 1839
326 1639
327 2664
328 6
329 423
330 3482
331 4984
332 879
333 3879
334 1895
335 4039
336 4324
337 1846
338 4208
339 3863
340 2813
341 3264
342 1271
343 4505
344 965
345 3526
346 2727
347 1588
348 705
349 4901
350 2859
351 2491
352 3048
353 323
354 1716
355 3168
356 2250
357 1718
358 3703
359 2428
360 1960
361 3450
362 1011
363 416
364 1836
365 91
366 3283
367 3678
368 2924
369 2278
370 3346
371 2248
372 4250
373 3234
374 160
375 3973
376 3933
377 2330
378 1947
379 4670
380 777
381 3396
382 3719
383 219
384 155
385 4781
386 3147
387 3042
388 1856
389 2320
390 3453
391 647
392 217
393 771
394 3397
395 3035
396 2045
397 2108
398 2079
399 2339
400 671
401 4034
402 1970
403 4907
404 3358
405 1730
406 4397
407 135
408 946
409 1482
410 2064
411 4102
412 2353
413 4018
414 635
415 3247
416 3965
417 2617
418 672
419 4231
420 4259
421 24
422 4617
423 3980
424 1317
425 4054
426 910
427 1211
428 3402
429 595
430 4012
431 4689
432 2676
433 563
434 2351
435 1184
436 152
437 2692
438 2277
439 3284
440 79
441 1788
442 2130
443 36
444 3178
445 3706
446 272
447 727
448 1829
449 2788
450 1376
451 1399
452 4767
453 4418
454 833
455 241
456 3248
457 1308
458 4431
459 4132
460 159
461 2770
462 1371
463 1578
464 187
465 3170
466 3597
467 510
468 2173
469 4443
470 4146
471 991
472 4607
473 3562
474 3205
475 49
476 1923
477 4516
478 2386
479 825
480 1134
481 3359
482 2377
483 931
484 899
485 2137
486 4130
487 3953
488 2961
489 397
490 4439
491 4714
492 3311
493 4820
494 1435
495 1328
496 1479
497 2964
498 1655
499 4487
500 1059
501 3200
502 4613
503 1179
504 1135
505 1921
506 2941
507 1922
508 713
509 1974
510 2486
511 958
512 1254
513 2558
514 1973
515 4887
516 3150
517 587
518 4737
519 192
520 297
521 4512
522 2634
523 2944
524 2766
525 2026
526 3928
527 4135
528 1680
529 3377
530 3763
531 2847
532 3554
533 4081
534 3961
535 132
536 2117
537 2097
538 4365
539 719
540 2729
541 4446
542 421
543 3642
544 1741
545 3889
546 3293
547 3350
548 569
549 2468
550 610
551 3165
552 3669
553 122
554 4973
555 1402
556 2145
557 2949
558 1084
559 3777
560 4634
561 1597
562 4888
563 3731
564 2203
565 747
566 3193
567 3139
568 295
569 1221
570 2304
571 3695
572 3504
573 2644
574 1837
575 1455
576 1558
577 4777
578 2081
579 3802
580 1406
581 855
582 3618
583 212
584 4866
585 3921
586 2485
587 3159
588 4625
589 1725
590 279
591 1907
592 4104
593 4303
594 2709
595 2146
596 1760
597 4334
598 2689
599 3335
600 2057
601 3265
602 259
603 3627
604 4641
605 399
606 186
607 4565
608 2947
609 1529
610 3194
611 2683
612 233
613 923
614 536
615 3209
616 3157
617 2587
618 1817
619 543
620 1430
621 1939
622 1441
623 4713
624 2893
625 2316
626 528
627 1231
628 3690
629 3146
630 4946
631 787
632 2413
633 3466
634 3373
635 3401
636 1906
637 873
638 3698
639 1640
640 4795
641 4643
642 4621
643 579
644 3092
645 4645
646 3557
647 1262
648 2713
649 4248
650 1576
651 3576
652 2235
653 104
654 2703
655 1039
656 1338
657 2628
658 2111
659 4424
660 1700
661 2650
662 201
663 2925
664 1712
665 3593
666 3740
667 4847
668 2674
669 1460
670 2446
671 1049
672 87
673 4068
674 3417
675 363
676 571
677 4398
678 4058
679 1259
680 4177
681 1706
682 3538
683 580
684 2952
685 1676
686 2584
687 1031
688 3197
689 2590
690 1615
691 4175
692 3934
693 3454
694 1731
695 3260
696 3981
697 2131
698 1670
699 4024
700 1053
701 4078
702 445
703 2005
704 3478
705 4548
706 3937
707 2211
708 2142
709 4958
710 680
711 211
712 1269
713 4896
714 698
715 3782
716 376
717 3774
718 4492
719 3667
720 596
721 1032
722 4433
723 4562
724 3090
725 1864
726 1241
727 1595
728 1756
729 2183
730 3584
731 1955
732 2868
733 2635
734 2193
735 523
736 4372
737 4531
738 1434
739 4719
740 3394
741 1614
742 4066
743 213
744 3996
745 3002
746 2180
747 2240
748 1835
749 1164
750 2809
751 2482
752 551
753 2140
754 645
755 3881
756 2902
757 3758
758 3030
759 971
760 3354
761 95
762 2991
763 269
764 2301
765 2298
766 4828
767 3529
768 861
769 659
770 3714
771 2821
772 1379
773 2621
774 3834
775 560
776 4970
777 3324
778 4077
779 1315
780 4110
781 3008
782 4211
783 3801
784 4278
785 2324
786 2826
787 2820
788 2855
789 266
790 1794
791 4470
792 2666
793 1401
794 2360
795 3010
796 1855
797 1651
798 540
799 3741
800 708
801 2217
802 3689
803 973
804 1962
805 2810
806 4798
807 1018
808 3565
809 2824
810 1715
811 357
812 2749
813 3910
814 3488
815 2125
816 3547
817 2601
818 2695
819 941
820 3588
821 3015
822 1449
823 206
824 4966
825 3798
826 2711
827 4750
828 3692
829 3144
830 1786
831 829
832 4829
833 3636
834 380
835 39
836 839
837 4154
838 4399
839 1335
840 4568
841 1452
842 732
843 577
844 2055
845 1569
846 3355
847 1237
848 1333
849 1319
850 556
851 859
852 1549
853 3578
854 1372
855 3823
856 3679
857 4363
858 1088
859 1200
860 2651
861 627
862 3857
863 3821
864 4272
865 2983
866 1690
867 4594
868 1278
869 2073
870 4314
871 2295
872 3999
873 4062
874 4236
875 2523
876 2861
877 3780
878 1344
879 1739
880 1967
881 4124
882 3611
883 290
884 2495
885 1728
886 2836
887 1709
888 4296
889 2541
890 4210
891 4462
892 4872
893 892
894 1313
895 3985
896 3367
897 281
898 1453
899 1993
900 1521
901 3155
902 3483
903 1108
904 4050
905 1421
906 1845
907 4855
908 3395
909 3021
910 2233
911 4465
912 4521
913 3942
914 1496
915 1766
916 2917
917 1654
918 3721
919 3196
920 1178
921 2979
922 4857
923 4269
924 2285
925 4023
926 4257
927 2388
928 246
929 274
930 2511
931 1998
932 408
933 1587
934 1181
935 1385
936 4669
937 2613
938 2520
939 2276
940 2489
941 1183
942 70
943 2291
944 3511
945 326
946 4692
947 4247
948 550
949 2378
950 1528
951 4464
952 1785
953 1469
954 677
955 2891
956 3685
957 3041
958 4048
959 2622
960 785
961 2056
962 2282
963 2149
964 4570
965 318
966 4709
967 4599
968 456
969 1420
970 4808
971 1202
972 4495
973 409
974 3107
975 3175
976 2889
977 665
978 3551
979 805
980 90
981 2882
982 2550
983 4559
984 808
985 115
986 4659
987 3340
988 1227
989 3266
990 2110
991 4796
992 275
993 1689
994 3145
995 4964
996 300
997 927
998 3120
999 3847
1000 286
1001 2155
1002 3699
1003 2246
1004 1405
1005 875
1006 1894
1007 2459
1008 4038
1009 592
1010 1868
1011 986
1012 123
1013 4654
1014 3012
1015 1660
1016 2950
1017 752
1018 3514
1019 1854
1020 2724
1021 3440
1022 3337
1023 2232
1024 967
1025 999
1026 1168
1027 4481
1028 271
1029 4705
1030 2927
1031 860
1032 1426
1033 3556
1034 1010
1035 4597
1036 1815
1037 3630
1038 1809
1039 3663
1040 3088
1041 1359
1042 2507
1043 4614
1044 2698
1045 4006
1046 1094
1047 3533
1048 3128
1049 3666
1050 1957
1051 2410
1052 77
1053 4480
1054 4556
1055 2505
1056 2531
1057 976
1058 4751
1059 4047
1060 3212
1061 691
1062 2533
1063 1487
1064 3583
1065 2016
1066 3288
1067 4228
1068 78
1069 983
1070 1740
1071 573
1072 4033
1073 791
1074 4149
1075 372
1076 1470
1077 3954
1078 3152
1079 2793
1080 4383
1081 4586
1082 2567
1083 4727
1084 3487
1085 3677
1086 2289
1087 1416
1088 1679
1089 4337
1090 3004
1091 345
1092 117
1093 822
1094 1729
1095 1875
1096 4454
1097 2508
1098 549
1099 763
1100 362
1101 2281
1102 1507
1103 795
1104 594
1105 2247
1106 2920
1107 1699
1108 4129
1109 2595
1110 292
1111 4336
1112 1297
1113 2070
1114 2811
1115 389
1116 4690
1117 1194
1118 4883
1119 4083
1120 4716
1121 878
1122 4507
1123 2863
1124 3011
1125 3066
1126 231
1127 2901
1128 4144
1129 1746
1130 436
1131 1504
1132 3875
1133 3756
1134 1951
1135 4687
1136 1243
1137 2532
1138 1381
1139 2432
1140 2592
1141 4003
1142 1478
1143 2596
1144 3687
1145 1419
1146 3344
1147 4260
1148 2374
1149 1810
1150 4723
1151 2025
1152 4333
1153 1623
1154 2162
1155 4344
1156 52
1157 2791
1158 811
1159 2037
1160 387
1161 1949
1162 66
1163 1525
1164 3896
1165 2032
1166 3467
1167 1343
1168 1870
1169 1858
1170 2327
1171 4229
1172 1410
1173 4878
1174 4911
1175 3005
1176 2197
1177 4221
1178 840
1179 2448
1180 3101
1181 3317
1182 2458
1183 912
1184 816
1185 2992
1186 1219
1187 2663
1188 3715
1189 1029
1190 99
1191 1012
1192 4656
1193 4482
1194 4246
1195 4874
1196 1307
1197 452
1198 4762
1199 3905
1200 809
1201 3605
1202 4539
1203 1536
1204 4616
1205 2576
1206 2540
1207 3775
1208 2776
1209 3387
1210 2908
1211 4426
1212 730
1213 220
1214 2534
1215 1512
1216 4922
1217 4216
1218 684
1219 4002
1220 1301
1221 982
1222 128
1223 3098
1224 2434
1225 2554
1226 3285
1227 2696
1228 3507
1229 740
1230 4393
1231 897
1232 753
1233 841
1234 1217
1235 950
1236 1897
1237 143
1238 4143
1239 4735
1240 574
1241 2283
1242 2849
1243 3609
1244 4947
1245 586
1246 3755
1247 1904
1248 2751
1249 2948
1250 2702
1251 937
1252 547
1253 3348
1254 963
1255 3872
1256 253
1257 370
1258 734
1259 1586
1260 2873
1261 2384
1262 2807
1263 1673
1264 2710
1265 4160
1266 4990
1267 2252
1268 3135
1269 3659
1270 1620
1271 2270
1272 3541
1273 2406
1274 2001
1275 2176
1276 1270
1277 4551
1278 533
1279 644
1280 114
1281 2466
1282 2027
1283 226
1284 1159
1285 3017
1286 681
1287 1396
1288 4390
1289 1738
1290 1822
1291 1975
1292 499
1293 4790
1294 33
1295 2313
1296 3398
1297 701
1298 603
1299 268
1300 4665
1301 2719
1302 3851
1303 4358
1304 3948
1305 1167
1306 2748
1307 1965
1308 1656
1309 1364
1310 3914
1311 3415
1312 2556
1313 756
1314 2844
1315 100
1316 1425
1317 4793
1318 3228
1319 4359
1320 483
1321 876
1322 3301
1323 1573
1324 291
1325 4506
1326 4255
1327 3104
1328 4061
1329 2449
1330 4484
1331 3548
1332 3050
1333 712
1334 3225
1335 3172
1336 1773
1337 2426
1338 3532
1339 1522
1340 4114
1341 4902
1342 4757
1343 3739
1344 1030
1345 2843
1346 2310
1347 1330
1348 2996
1349 3244
1350 3356
1351 2212
1352 1166
1353 3766
1354 2196
1355 1228
1356 4267
1357 240
1358 814
1359 1702
1360 330
1361 2333
1362 939
1363 2348
1364 3700
1365 3601
1366 4305
1367 4283
1368 2167
1369 3645
1370 4245
1371 2439
1372 2201
1373 3207
1374 4150
1375 1208
1376 19
1377 2825
1378 2151
1379 3191
1380 985
1381 2192
1382 482
1383 3392
1384 209
1385 1540
1386 2157
1387 4684
1388 4118
1389 2050
1390 2213
1391 4969
1392 1369
1393 1349
1394 835
1395 926
1396 3940
1397 3275
1398 1432
1399 2827
1400 3445
1401 316
1402 1249
1403 2118
1404 768
1405 3947
1406 1187
1407 284
1408 2425
1409 4563
1410 1320
1411 2419
1412 865
1413 2943
1414 3920
1415 3161
1416 4535
1417 4413
1418 4660
1419 3781
1420 601
1421 3819
1422 4945
1423 4543
1424 4473
1425 1207
1426 2568
1427 1290
1428 4173
1429 3257
1430 3160
1431 3336
1432 3785
1433 3469
1434 689
1435 2266
1436 2356
1437 4782
1438 3489
1439 2261
1440 944
1441 1893
1442 168
1443 3568
1444 351
1445 1383
1446 4275
1447 3431
1448 2625
1449 3243
1450 3911
1451 4123
1452 3924
1453 932
1454 3613
1455 3038
1456 1638
1457 4693
1458 4101
1459 1122
1460 4043
1461 2747
1462 4193
1463 413
1464 1694
1465 1750
1466 3874
1467 1747
1468 3232
1469 1798
1470 2436
1471 4967
1472 1941
1473 3845
1474 4195
1475 675
1476 3566
1477 232
1478 4319
1479 3503
1480 2593
1481 338
1482 1367
1483 1931
1484 3810
1485 4493
1486 412
1487 3945
1488 4675
1489 2107
1490 193
1491 67
1492 4010
1493 3768
1494 3081
1495 3087
1496 2128
1497 1929
1498 3366
1499 1408
1500 4571
1501 4889
1502 2904
1503 1021
1504 2280
1505 4032
1506 198
1507 166
1508 443
1509 1294
1510 4437
1511 4699
1512 2346
1513 2506
1514 3542
1515 3353
1516 4094
1517 4389
1518 222
1519 4115
1520 1631
1521 3564
1522 1769
1523 311
1524 1677
1525 3986
1526 2181
1527 3513
1528 3131
1529 3864
1530 2582
1531 1851
1532 904
1533 1833
1534 257
1535 1900
1536 2480
1537 3972
1538 3407
1539 1995
1540 2411
1541 3420
1542 2315
1543 4724
1544 2930
1545 98
1546 3001
1547 4009
1548 368
1549 3607
1550 3305
1551 2253
1552 3759
1553 3848
1554 4448
1555 4555
1556 4414
1557 2665
1558 3693
1559 4300
1560 4420
1561 3657
1562 4758
1563 227
1564 3795
1565 1245
1566 3231
1567 2516
1568 3727
1569 2251
1570 1175
1571 1151
1572 1762
1573 1392
1574 4029
1575 629
1576 2060
1577 2982
1578 1314
1579 990
1580 4266
1581 4057
1582 4292
1583 4178
1584 1713
1585 907
1586 2222
1587 3323
1588 2312
1589 4234
1590 4525
1591 289
1592 1494
1593 2120
1594 3051
1595 1348
1596 3893
1597 4341
1598 2846
1599 3878
1600 1468
1601 4653
1602 4852
1603 2774
1604 4430
1605 4706
1606 2188
1607 1925
1608 1797
1609 320
1610 743
1611 1550
1612 3922
1613 3093
1614 486
1615 4628
1616 2977
1617 1912
1618 3867
1619 1081
1620 2335
1621 1078
1622 4020
1623 3459
1624 1169
1625 4875
1626 1899
1627 2642
1628 4408
1629 2230
1630 4810
1631 4640
1632 1491
1633 2147
1634 4671
1635 2460
1636 1103
1637 210
1638 4834
1639 4342
1640 4676
1641 3619
1642 4786
1643 3870
1644 3555
1645 4069
1646 1866
1647 4826
1648 2328
1649 1272
1650 1162
1651 2189
1652 4885
1653 218
1654 182
1655 3315
1656 2259
1657 4373
1658 4284
1659 831
1660 1804
1661 2490
1662 2487
1663 4072
1664 2437
1665 1306
1666 3271
1667 978
1668 4972
1669 4836
1670 2389
1671 4322
1672 4592
1673 1617
1674 3831
1675 4814
1676 3399
1677 4576
1678 1397
1679 4909
1680 2547
1681 3053
1682 1903
1683 2787
1684 3988
1685 1556
1686 4598
1687 1776
1688 2471
1689 3029
1690 3528
1691 621
1692 3989
1693 4897
1694 4919
1695 2730
1696 3023
1697 974
1698 3932
1699 1685
1700 4384
1701 1674
1702 3384
1703 646
1704 935
1705 4718
1706 273
1707 2400
1708 3626
1709 20
1710 4893
1711 4214
1712 611
1713 584
1714 385
1715 418
1716 1004
1717 3236
1718 492
1719 1192
1720 3109
1721 4007
1722 4884
1723 3227
1724 4239
1725 3025
1726 1592
1727 2309
1728 3793
1729 1282
1730 3129
1731 1918
1732 4328
1733 4955
1734 4928
1735 4350
1736 2171
1737 4547
1738 1727
1739 4925
1740 3833
1741 1083
1742 2662
1743 4600
1744 1770
1745 2722
1746 1246
1747 1048
1748 4318
1749 4474
1750 301
1751 2326
1752 481
1753 365
1754 2415
1755 1386
1756 2537
1757 1508
1758 1653
1759 3680
1760 3062
1761 2469
1762 2968
1763 3438
1764 4649
1765 775
1766 2418
1767 964
1768 4282
1769 2292
1770 3056
1771 3351
1772 267
1773 3229
1774 1390
1775 4360
1776 2525
1777 3506
1778 4370
1779 3112
1780 3866
1781 1971
1782 3625
1783 3617
1784 800
1785 1934
1786 4882
1787 2091
1788 459
1789 900
1790 2984
1791 3064
1792 4856
1793 4661
1794 2294
1795 4280
1796 3391
1797 4105
1798 2694
1799 4914
1800 943
1801 3545
1802 3858
1803 500
1804 4650
1805 736
1806 3633
1807 602
1808 1541
1809 2933
1810 3055
1811 1516
1812 2985
1813 2513
1814 3470
1815 2501
1816 3877
1817 3273
1818 2959
1819 3694
1820 3052
1821 1641
1822 3325
1823 722
1824 1045
1825 4697
1826 4011
1827 2563
1828 3115
1829 2020
1830 4205
1831 3643
1832 3073
1833 4155
1834 2990
1835 1105
1836 2895
1837 869
1838 4019
1839 2870
1840 1791
1841 2340
1842 4982
1843 3251
1844 55
1845 3118
1846 118
1847 1226
1848 176
1849 1768
1850 1276
1851 196
1852 972
1853 2156
1854 1876
1855 2514
1856 2007
1857 623
1858 1774
1859 2565
1860 2092
1861 2797
1862 1608
1863 1136
1864 4354
1865 2963
1866 1132
1867 1872
1868 2391
1869 4244
1870 3951
1871 1374
1872 2216
1873 463
1874 4429
1875 992
1876 3688
1877 4387
1878 3573
1879 4552
1880 202
1881 657
1882 1644
1883 887
1884 4457
1885 4186
1886 4348
1887 2354
1888 4063
1889 903
1890 2672
1891 4923
1892 3571
1893 1869
1894 4423
1895 1621
1896 2731
1897 258
1898 2101
1899 1339
1900 1189
1901 2867
1902 1787
1903 2780
1904 3241
1905 1589
1906 2220
1907 3664
1908 597
1909 62
1910 3412
1911 3497
1912 2194
1913 4224
1914 754
1915 1302
1916 2953
1917 4215
1918 2994
1919 2365
1920 1568
1921 2208
1922 142
1923 4564
1924 1480
1925 81
1926 4198
1927 938
1928 1519
1929 1514
1930 955
1931 1357
1932 3330
1933 1605
1934 3778
1935 2122
1936 3393
1937 3219
1938 1986
1939 2954
1940 3995
1941 652
1942 4951
1943 216
1944 1782
1945 2721
1946 3835
1947 834
1948 3818
1949 4917
1950 2874
1951 1188
1952 3559
1953 3670
1954 2701
1955 3495
1956 2697
1957 341
1958 3903
1959 1265
1960 473
1961 4801
1962 2706
1963 4405
1964 2305
1965 3457
1966 566
1967 1412
1968 4871
1969 264
1970 3929
1971 3841
1972 4212
1973 1714
1974 3537
1975 3184
1976 296
1977 4954
1978 4172
1979 3502
1980 4886
1981 3871
1982 1170
1983 4478
1984 4756
1985 2387
1986 3332
1987 4722
1988 3812
1989 3202
1990 1518
1991 3259
1992 1492
1993 988
1994 4315
1995 521
1996 867
1997 1954
1998 3728
1999 930
2000 3757
2001 4567
2002 1546
2003 512
2004 1138
2005 1448
2006 2399
2007 190
2008 1696
2009 134
2010 133
2011 4841
2012 4332
2013 1352
2014 2036
2015 3895
2016 1112
2017 4680
2018 2401
2019 3341
2020 2262
2021 3361
2022 3883
2023 1446
2024 2717
2025 4486
2026 1173
2027 4317
2028 1627
2029 3602
2030 177
2031 4629
2032 2268
2033 3261
2034 256
2035 3639
2036 425
2037 3631
2038 1548
2039 2369
2040 1025
2041 575
2042 1691
2043 475
2044 4028
2045 4648
2046 661
2047 856
2048 2509
2049 299
2050 141
2051 505
2052 282
2053 4374
2054 230
2055 2341
2056 1362
2057 1329
2058 2723
2059 3849
2060 589
2061 4067
2062 1879
2063 467
2064 4201
2065 906
2066 4753
2067 2264
2068 847
2069 407
2070 158
2071 4773
2072 826
2073 2648
2074 760
2075 427
2076 3575
2077 373
2078 989
2079 3975
2080 2290
2081 1043
2082 2876
2083 1928
2084 3287
2085 3957
2086 2417
2087 1115
2088 3930
2089 1378
2090 319
2091 3464
2092 3976
2093 3829
2094 69
2095 1948
2096 1366
2097 4667
2098 1647
2099 2545
2100 3598
2101 3281
2102 1607
2103 3462
2104 2456
2105 1606
2106 2403
2107 490
2108 3258
2109 4352
2110 2430
2111 628
2112 4207
2113 4353
2114 2926
2115 947
2116 2177
2117 4725
2118 810
2119 3589
2120 3691
2121 171
2122 1072
2123 276
2124 979
2125 1260
2126 2464
2127 688
2128 830
2129 4707
2130 4688
2131 1585
2132 1002
2133 2918
2134 2899
2135 4491
2136 4181
2137 1071
2138 2296
2139 4467
2140 2798
2141 557
2142 4526
2143 1354
2144 1735
2145 2823
2146 4400
2147 2816
2148 3484
2149 2355
2150 200
2151 4159
2152 996
2153 2808
2154 542
2155 4655
2156 9
2157 2062
2158 1153
2159 1871
2160 386
2161 1543
2162 511
2163 4444
2164 1472
2165 375
2166 3167
2167 2888
2168 2894
2169 4254
2170 1898
2171 3684
2172 1764
2173 3460
2174 2367
2175 3505
2176 929
2177 1191
2178 4745
2179 695
2180 2549
2181 1077
2182 116
2183 3594
2184 1203
2185 2044
2186 161
2187 669
2188 2441
2189 4450
2190 3498
2191 2856
2192 4382
2193 1051
2194 715
2195 21
2196 3647
2197 1580
2198 3500
2199 1336
2200 4188
2201 379
2202 3223
2203 3239
2204 3352
2205 2138
2206 916
2207 225
2208 3580
2209 954
2210 88
2211 2158
2212 4168
2213 2440
2214 2263
2215 2065
2216 1861
2217 4079
2218 2976
2219 1066
2220 3894
2221 3386
2222 1650
2223 2067
2224 1117
2225 2412
2226 1808
2227 553
2228 641
2229 4609
2230 2239
2231 1433
2232 2457
2233 3788
2234 1666
2235 656
2236 3890
2237 4000
2238 112
2239 4731
2240 3432
2241 4513
2242 3610
2243 2614
2244 1956
2245 2416
2246 3762
2247 3424
2248 361
2249 555
2250 2144
2251 1610
2252 347
2253 2652
2254 546
2255 3076
2256 4256
2257 3515
2258 2834
2259 4180
2260 4906
2261 4403
2262 4357
2263 4738
2264 4030
2265 2575
2266 2718
2267 4898
2268 3419
2269 1710
2270 4128
2271 2132
2272 936
2273 4509
2274 2897
2275 1506
2276 4052
2277 94
2278 1074
2279 2639
2280 4113
2281 506
2282 1000
2283 440
2284 65
2285 706
2286 2740
2287 2871
2288 3096
2289 4391
2290 3656
2291 1293
2292 4323
2293 2912
2294 801
2295 470
2296 729
2297 1038
2298 336
2299 4635
2300 3364
2301 4249
2302 2254
2303 1154
2304 728
2305 2362
2306 3304
2307 1843
2308 4499
2309 700
2310 4651
2311 1883
2312 1176
2313 4974
2314 1464
2315 1517
2316 390
2317 2462
2318 4920
2319 4196
2320 1636
2321 4381
2322 4636
2323 4849
2324 367
2325 2777
2326 4728
2327 2841
2328 3218
2329 4939
2330 4987
2331 4842
2332 2569
2333 3314
2334 1611
2335 4165
2336 1748
2337 1292
2338 3994
2339 3166
2340 3026
2341 2840
2342 2297
2343 1085
2344 344
2345 3815
2346 4652
2347 3787
2348 4900
2349 3078
2350 576
2351 2940
2352 2465
2353 4846
2354 86
2355 1803
2356 2578
2357 3054
2358 38
2359 4627
2360 544
2361 4647
2362 3966
2363 1632
2364 1450
2365 3134
2366 2779
2367 2082
2368 781
2369 4792
2370 304
2371 1686
2372 3089
2373 4748
2374 4134
2375 2647
2376 2009
2377 4120
2378 3031
2379 709
2380 3749
2381 31
2382 3646
2383 4286
2384 340
2385 4880
2386 4329
2387 3433
2388 2955
2389 3524
2390 3151
2391 2303
2392 3640
2393 3374
2394 1591
2395 4220
2396 558
2397 1061
2398 3783
2399 4619
2400 2445
2401 1036
2402 1414
2403 442
2404 4860
2405 2245
2406 185
2407 1451
2408 4881
2409 4082
2410 3944
2411 3240
2412 1850
2413 1076
2414 693
2415 4867
2416 3550
2417 15
2418 1888
2419 501
2420 2433
2421 1510
2422 1285
2423 163
2424 485
2425 1133
2426 1890
2427 2178
2428 3596
2429 29
2430 2640
2431 4696
2432 85
2433 4977
2434 148
2435 4490
2436 305
2437 3290
2438 4419
2439 2598
2440 2152
2441 1722
2442 3443
2443 4550
2444 3235
2445 394
2446 205
2447 981
2448 1745
2449 4331
2450 4449
2451 1099
2452 940
2453 1916
2454 3446
2455 2837
2456 1283
2457 3888
2458 3665
2459 4520
2460 2074
2461 1044
2462 3621
2463 1695
2464 3683
2465 4783
2466 1456
2467 2345
2468 2971
2469 2521
2470 3187
2471 2090
2472 2606
2473 824
2474 4937
2475 4870
2476 103
2477 2937
2478 1814
2479 121
2480 1938
2481 1684
2482 4182
2483 3306
2484 3262
2485 2609
2486 1382
2487 1767
2488 3901
2489 648
2490 1886
2491 4940
2492 4107
2493 1438
2494 314
2495 2967
2496 2736
2497 4511
2498 3382
2499 2503
2500 828
2501 4096
2502 4694
2503 837
2504 1380
2505 568
2506 419
2507 3600
2508 4304
2509 197
2510 3020
2511 2135
2512 1198
2513 4326
2514 634
2515 1778
2516 2204
2517 3192
2518 2946
2519 3861
2520 3195
2521 1277
2522 4935
2523 2379
2524 84
2525 1498
2526 804
2527 3449
2528 2822
2529 61
2530 1577
2531 1932
2532 4109
2533 4417
2534 2364
2535 4732
2536 2453
2537 355
2538 3379
2539 4942
2540 46
2541 4892
2542 1996
2543 2725
2544 2227
2545 1384
2546 962
2547 83
2548 3071
2549 406
2550 2784
2551 1658
2552 591
2553 68
2554 1583
2555 4557
2556 617
2557 2630
2558 3853
2559 23
2560 4065
2561 2528
2562 3022
2563 4396
2564 71
2565 2909
2566 4574
2567 457
2568 612
2569 3743
2570 1978
2571 4780
2572 3362
2573 4455
2574 3201
2575 3662
2576 4590
2577 1263
2578 3126
2579 1678
2580 4025
2581 3974
2582 229
2583 4664
2584 1757
2585 2646
2586 3406
2587 4739
2588 2331
2589 2163
2590 3309
2591 593
2592 10
2593 820
2594 1206
2595 3072
2596 1701
2597 4185
2598 4740
2599 1250
2600 3338
2601 877
2602 4630
2603 1795
2604 1859
2605 1152
2606 1216
2607 4440
2608 2974
2609 278
2610 4368
2611 146
2612 480
2613 2673
2614 4983
2615 885
2616 3086
2617 328
2618 4277
2619 2109
2620 2757
2621 4045
2622 552
2623 4913
2624 637
2625 4930
2626 4313
2627 1499
2628 737
2629 2845
2630 4761
2631 4770
2632 1999
2633 1130
2634 4291
2635 4523
2636 3754
2637 2704
2638 2174
2639 4040
2640 3868
2641 4869
2642 2817
2643 3204
2644 2040
2645 2318
2646 2957
2647 2089
2648 2051
2649 479
2650 1223
2651 2371
2652 354
2653 3429
2654 4157
2655 3414
2656 2380
2657 2833
2658 130
2659 105
2660 883
2661 4615
2662 1857
2663 1742
2664 1471
2665 2612
2666 1979
2667 773
2668 3970
2669 858
2670 4131
2671 398
2672 3993
2673 2172
2674 572
2675 631
2676 3255
2677 3378
2678 493
2679 4461
2680 3983
2681 2978
2682 2424
2683 520
2684 1503
2685 4476
2686 72
2687 3628
2688 1990
2689 1827
2690 2781
2691 4626
2692 2043
2693 920
2694 1210
2695 624
2696 2104
2697 1054
2698 0
2699 1127
2700 2126
2701 4459
2702 4447
2703 3963
2704 2105
2705 2407
2706 1942
2707 4152
2708 1819
2709 4442
2710 403
2711 844
2712 2115
2713 4226
2714 2492
2715 4089
2716 3852
2717 4730
2718 4497
2719 1961
2720 1950
2721 2851
2722 1040
2723 4316
2724 496
2725 2427
2726 3539
2727 2106
2728 1982
2729 312
2730 1944
2731 2597
2732 643
2733 1862
2734 1981
2735 3181
2736 4452
2737 1642
2738 4876
2739 525
2740 1106
2741 4190
2742 2792
2743 3543
2744 396
2745 3479
2746 2623
2747 4311
2748 921
2749 3574
2750 4835
2751 4905
2752 1118
2753 3599
2754 3068
2755 4924
2756 1515
2757 3272
2758 746
2759 4162
2760 1409
2761 622
2762 4463
2763 4343
2764 748
2765 1943
2766 2054
2767 3745
2768 854
2769 2179
2770 4554
2771 639
2772 4704
2773 3221
2774 254
2775 2444
2776 2481
2777 4540
2778 838
2779 2551
2780 3085
2781 1860
2782 539
2783 3668
2784 3296
2785 3216
2786 1431
2787 1509
2788 378
2789 1784
2790 3742
2791 3984
2792 922
2793 4537
2794 3173
2795 3704
2796 1930
2797 3037
2798 4582
2799 4014
2800 1332
2801 2608
2802 2572
2803 1937
2804 3473
2805 2586
2806 4200
2807 2029
2808 1911
2809 3935
2810 4921
2811 4677
2812 1334
2813 3939
2814 1454
2815 4589
2816 545
2817 2756
2818 1796
2819 1625
2820 4338
2821 102
2822 2768
2823 3707
2824 570
2825 207
2826 157
2827 2103
2828 3203
2829 1205
2830 823
2831 4950
2832 905
2833 2199
2834 998
2835 1598
2836 2078
2837 2877
2838 4056
2839 4663
2840 2168
2841 2795
2842 2745
2843 1882
2844 4891
2845 1873
2846 3058
2847 1813
2848 959
2849 509
2850 2636
2851 2255
2852 2170
2853 2058
2854 3442
2855 1612
2856 767
2857 1437
2858 1736
2859 2548
2860 765
2861 888
2862 660
2863 3381
2864 4501
2865 4679
2866 2504
2867 2607
2868 4225
2869 2293
2870 3189
2871 2357
2872 726
2873 3388
2874 770
2875 4036
2876 2539
2877 4121
2878 1287
2879 1926
2880 238
2881 2660
2882 1989
2883 2526
2884 4536
2885 1671
2886 1236
2887 1599
2888 3416
2889 2063
2890 2588
2891 3982
2892 3737
2893 4549
2894 4747
2895 1157
2896 1526
2897 3084
2898 813
2899 138
2900 1140
2901 1091
2902 2284
2903 3830
2904 4623
2905 2431
2906 1309
2907 3581
2908 1403
2909 101
2910 609
2911 1305
2912 261
2913 3123
2914 2690
2915 1555
2916 1331
2917 733
2918 4151
2919 4425
2920 3256
2921 3708
2922 2279
2923 2515
2924 3887
2925 4042
2926 1630
2927 195
2928 850
2929 872
2930 2853
2931 668
2932 2202
2933 57
2934 346
2935 2013
2936 786
2937 294
2938 3967
2939 2420
2940 263
2941 120
2942 3322
2943 2021
2944 703
2945 1830
2946 3927
2947 1896
2948 1143
2949 2086
2950 2659
2951 1296
2952 527
2953 3448
2954 3956
2955 4098
2956 1980
2957 3360
2958 4477
2959 4673
2960 3997
2961 2008
2962 235
2963 1936
2964 3127
2965 2071
2966 1988
2967 894
2968 4700
2969 4538
2970 2919
2971 2907
2972 776
2973 3007
2974 2815
2975 4209
2976 4127
2977 4715
2978 4169
2979 3649
2980 3673
2981 2661
2982 863
2983 1749
2984 1545
2985 975
2986 4432
2987 1758
2988 2685
2989 2275
2990 4943
2991 1511
2992 3485
2993 987
2994 234
2995 2206
2996 1368
2997 3494
2998 244
2999 4961
3000 2980
3001 2707
3002 287
3003 455
3004 802
3005 508
3006 1404
3007 3411
3008 4091
3009 2267
3010 3226
3011 3286
3012 4075
3013 1720
3014 4428
3015 4986
3016 1033
3017 3962
3018 3490
3019 2393
3020 48
3021 2307
3022 4171
3023 188
3024 1252
3025 1251
3026 4517
3027 1793
3028 1840
3029 1565
3030 662
3031 3176
3032 1253
3033 3567
3034 2344
3035 1561
3036 189
3037 2028
3038 3372
3039 4524
3040 2637
3041 1959
3042 3747
3043 1281
3044 2332
3045 1015
3046 2691
3047 434
3048 2323
3049 4934
3050 711
3051 4818
3052 1230
3053 772
3054 3117
3055 1687
3056 1006
3057 2099
3058 953
3059 3343
3060 3428
3061 1204
3062 4825
3063 3298
3064 3807
3065 3461
3066 2645
3067 1628
3068 917
3069 2803
3070 3779
3071 1780
3072 3242
3073 3246
3074 925
3075 343
3076 4199
3077 4347
3078 723
3079 845
3080 2048
3081 3253
3082 4273
3083 1887
3084 1137
3085 4585
3086 4163
3087 1708
3088 2560
3089 430
3090 2546
3091 3279
3092 3510
3093 2461
3094 1125
3095 3282
3096 3458
3097 3385
3098 4021
3099 1229
3100 507
3101 1224
3102 1113
3103 1068
3104 51
3105 1347
3106 667
3107 145
3108 89
3109 1042
3110 124
3111 1969
3112 2010
3113 2343
3114 4035
3115 2338
3116 909
3117 1618
3118 1129
3119 356
3120 44
3121 3163
3122 516
3123 32
3124 2667
3125 447
3126 3326
3127 2929
3128 4581
3129 245
3130 1429
3131 4298
3132 4823
3133 3180
3134 1003
3135 4472
3136 169
3137 2496
3138 3891
3139 3213
3140 4158
3141 3518
3142 3616
3143 766
3144 3044
3145 1805
3146 4681
3147 178
3148 4850
3149 4632
3150 1436
3151 1560
3152 4252
3153 498
3154 1102
3155 109
3156 836
3157 153
3158 541
3159 2720
3160 4708
3161 1874
3162 58
3163 2880
3164 4980
3165 3349
3166 2047
3167 107
3168 1994
3169 2799
3170 4879
3171 3217
3172 2512
3173 1473
3174 534
3175 1342
3176 1683
3177 2165
3178 1318
3179 759
3180 807
3181 1114
3182 1997
3183 303
3184 2969
3185 2031
3186 285
3187 3516
3188 4375
3189 945
3190 1940
3191 3267
3192 2884
3193 3294
3194 4989
3195 4839
3196 3641
3197 3722
3198 2214
3199 2842
3200 237
3201 3969
3202 3675
3203 3299
3204 812
3205 265
3206 1310
3207 450
3208 3268
3209 4356
3210 1530
3211 3701
3212 3183
3213 3761
3214 4698
3215 1501
3216 4695
3217 3024
3218 678
3219 2033
3220 2350
3221 1080
3222 3615
3223 1946
3224 4806
3225 1668
3226 1120
3227 3882
3228 2023
3229 4262
3230 4346
3231 3803
3232 4013
3233 2159
3234 1337
3235 1905
3236 4053
3237 1801
3238 3113
3239 4776
3240 3132
3241 4416
3242 3082
3243 1917
3244 3534
3245 4503
3246 1247
3247 4662
3248 4142
3249 4918
3250 2686
3251 2527
3252 4522
3253 4546
3254 1523
3255 4349
3256 4978
3257 1753
3258 3582
3259 2682
3260 2916
3261 1461
3262 2679
3263 1041
3264 2594
3265 4483
3266 165
3267 1109
3268 4251
3269 792
3270 2003
3271 2932
3272 2656
3273 3865
3274 4406
3275 3404
3276 2395
3277 4952
3278 1847
3279 1562
3280 2966
3281 2764
3282 1537
3283 1681
3284 228
3285 154
3286 704
3287 4971
3288 1842
3289 638
3290 3735
3291 3065
3292 2671
3293 3220
3294 1443
3295 1240
3296 4865
3297 2881
3298 4746
3299 2680
3300 3751
3301 3122
3302 2684
3303 4233
3304 3912
3305 4606
3306 4379
3307 4583
3308 3938
3309 2184
3310 223
3311 1909
3312 4508
3313 4752
3314 3724
3315 3535
3316 1244
3317 3297
3318 4596
3319 3637
3320 3652
3321 3018
3322 1325
3323 1398
3324 2783
3325 4445
3326 2141
3327 3806
3328 4858
3329 4933
3330 513
3331 2900
3332 4611
3333 3716
3334 3471
3335 961
3336 1663
3337 2017
3338 2452
3339 3027
3340 4833
3341 2913
3342 3720
3343 3917
3344 1286
3345 4822
3346 1457
3347 4717
3348 487
3349 1919
3350 288
3351 1624
3352 1800
3353 2854
3354 4166
3355 1312
3356 2231
3357 1584
3358 3977
3359 4529
3360 3400
3361 3603
3362 1389
3363 1171
3364 4779
3365 851
3366 4133
3367 4838
3368 1034
3369 4202
3370 2006
3371 739
3372 4240
3373 4916
3374 4401
3375 3389
3376 255
3377 2589
3378 2552
3379 2139
3380 517
3381 4496
3382 1752
3383 2805
3384 4378
3385 1497
3386 3770
3387 1601
3388 2414
3389 2053
3390 2857
3391 3222
3392 3472
3393 2610
3394 2585
3395 4070
3396 2408
3397 702
3398 4633
3399 3408
3400 3083
3401 1775
3402 4004
3403 1737
3404 4588
3405 3009
3406 3300
3407 17
3408 4775
3409 4873
3410 1853
3411 4604
3412 4821
3413 3427
3414 2564
3415 1500
3416 934
3417 2498
3418 2542
3419 3480
3420 1539
3421 4807
3422 3114
3423 882
3424 4927
3425 437
3426 1422
3427 3108
3428 1417
3429 1289
3430 537
3431 4813
3432 3383
3433 642
3434 4001
3435 608
3436 3210
3437 4140
3438 446
3439 4366
3440 2347
3441 4141
3442 18
3443 914
3444 3638
3445 411
3446 3141
3447 1055
3448 3133
3449 2790
3450 4458
3451 769
3452 4261
3453 4631
3454 2
3455 720
3456 2760
3457 414
3458 3468
3459 2166
3460 3154
3461 1485
3462 2164
3463 2619
3464 2336
3465 2219
3466 2631
3467 2830
3468 1147
3469 11
3470 2580
3471 1190
3472 2561
3473 3016
3474 3898
3475 1551
3476 1013
3477 3577
3478 3047
3479 497
3480 1489
3481 2915
3482 2806
3483 3039
3484 4126
3485 236
3486 4022
3487 1058
3488 2987
3489 1395
3490 3713
3491 4890
3492 3075
3493 3569
3494 1648
3495 4219
3496 4584
3497 673
3498 4610
3499 1892
3500 710
3501 4815
3502 1444
3503 3620
3504 2182
3505 1101
3506 1079
3507 262
3508 41
3509 1484
3510 4788
3511 1185
3512 4307
3513 4938
3514 3522
3515 348
3516 3252
3517 2879
3518 2072
3519 4711
3520 96
3521 1193
3522 4784
3523 1771
3524 4763
3525 3908
3526 3465
3527 1463
3528 1304
3529 640
3530 2716
3531 4812
3532 3102
3533 4192
3534 2579
3535 2712
3536 2435
3537 4335
3538 1703
3539 277
3540 3572
3541 3906
3542 2319
3543 2349
3544 2308
3545 2359
3546 2226
3547 4092
3548 5
3549 74
3550 2438
3551 2993
3552 384
3553 2306
3554 864
3555 3632
3556 1180
3557 3013
3558 3880
3559 1150
3560 1734
3561 358
3562 420
3563 2624
3564 2626
3565 2741
3566 1799
3567 239
3568 995
3569 477
3570 1665
3571 1363
3572 4274
3573 4325
3574 1891
3575 2738
3576 3369
3577 3817
3578 4769
3579 1089
3580 4156
3581 2778
3582 618
3583 3786
3584 881
3585 3586
3586 3931
3587 1863
3588 3329
3589 2965
3590 4791
3591 4194
3592 1128
3593 1711
3594 2699
3595 3439
3596 3327
3597 2409
3598 3069
3599 4164
3600 2796
3601 2383
3602 1604
3603 388
3604 2883
3605 2161
3606 1311
3607 4824
3608 310
3609 3339
3610 3987
3611 2616
3612 3789
3613 3019
3614 3958
3615 3897
3616 1763
3617 3946
3618 3660
3619 4845
3620 1268
3621 564
3622 3552
3623 4167
3624 3725
3625 2322
3626 1474
3627 4595
3628 3738
3629 4831
3630 1057
3631 2372
3632 1466
3633 2265
3634 3476
3635 2039
3636 1375
3637 3949
3638 3750
3639 2385
3640 3060
3641 494
3642 1201
3643 1353
3644 321
3645 893
3646 1593
3647 4242
3648 1783
3649 54
3650 2447
3651 2654
3652 908
3653 1073
3654 2300
3655 3310
3656 327
3657 3517
3658 4953
3659 3926
3660 3855
3661 3475
3662 2529
3663 1009
3664 2510
3665 428
3666 53
3667 890
3668 565
3669 1594
3670 4125
3671 679
3672 4976
3673 4031
3674 2358
3675 1848
3676 4145
3677 3006
3678 1052
3679 4624
3680 1373
3681 1832
3682 3106
3683 1182
3684 139
3685 3587
3686 1056
3687 4733
3688 181
3689 2397
3690 4764
3691 2317
3692 1097
3693 2939
3694 1197
3695 3142
3696 4573
3697 1697
3698 2402
3699 2478
3700 1985
3701 2602
3702 2599
3703 1267
3704 3463
3705 2771
3706 3873
3707 2068
3708 1300
3709 4646
3710 718
3711 1913
3712 2205
3713 3672
3714 2299
3715 4294
3716 111
3717 2014
3718 1428
3719 400
3720 3496
3721 2046
3722 928
3723 3188
3724 2274
3725 3100
3726 1877
3727 2866
3728 1590
3729 2404
3730 2535
3731 4854
3732 993
3733 3846
3734 76
3735 3316
3736 1524
3737 3746
3738 1149
3739 4453
3740 1142
3741 3437
3742 4816
3743 4502
3744 502
3745 2207
3746 4830
3747 3368
3748 2493
3749 147
3750 2726
3751 2785
3752 651
3753 2116
3754 3844
3755 4800
3756 2989
3757 1340
3758 306
3759 2600
3760 827
3761 3371
3762 4059
3763 3249
3764 404
3765 1914
3766 2988
3767 764
3768 984
3769 3277
3770 4593
3771 2169
3772 1659
3773 1669
3774 3512
3775 1481
3776 4340
3777 4279
3778 913
3779 136
3780 2887
3781 1326
3782 2225
3783 4197
3784 2995
3785 324
3786 1945
3787 3936
3788 4620
3789 3820
3790 1095
3791 2476
3792 2765
3793 2484
3794 2591
3795 4187
3796 2499
3797 4203
3798 4064
3799 852
3800 1502
3801 1692
3802 2237
3803 4362
3804 3380
3805 4760
3806 1225
3807 59
3808 1022
3809 3784
3810 522
3811 2241
3812 1792
3813 2998
3814 3560
3815 2034
3816 3365
3817 3110
3818 1098
3819 3634
3820 3540
3821 1020
3822 2906
3823 2405
3824 3508
3825 174
3826 994
3827 2463
3828 4948
3829 3955
3830 474
3831 2451
3832 4532
3833 2858
3834 3049
3835 3313
3836 977
3837 2286
3838 3860
3839 3130
3840 4055
3841 4103
3842 616
3843 4494
3844 1705
3845 620
3846 2655
3847 2789
3848 149
3849 1075
3850 957
3851 2649
3852 4712
3853 4475
3854 106
3855 469
3856 3919
3857 3032
3858 1050
3859 4017
3860 3546
3861 2223
3862 3604
3863 1391
3864 4742
3865 2311
3866 3808
3867 454
3868 4602
3869 1761
3870 1295
3871 630
3872 4968
3873 13
3874 3095
3875 2474
3876 2210
3877 4685
3878 2752
3879 28
3880 3992
3881 4176
3882 2124
3883 1110
3884 3245
3885 2923
3886 1649
3887 27
3888 3959
3889 780
3890 1935
3891 1411
3892 2483
3893 4364
3894 3320
3895 491
3896 2962
3897 2069
3898 745
3899 3291
3900 1174
3901 2185
3902 4702
3903 4073
3904 495
3905 2715
3906 4864
3907 4410
3908 1933
3909 460
3910 1144
3911 465
3912 3375
3913 1279
3914 4981
3915 3171
3916 1123
3917 2562
3918 3097
3919 191
3920 666
3921 653
3922 110
3923 4618
3924 247
3925 2581
3926 3119
3927 334
3928 4422
3929 2734
3930 2936
3931 2860
3932 2228
3933 2759
3934 2136
3935 1575
3936 1572
3937 2536
3938 4601
3939 4530
3940 4668
3941 3712
3942 1781
3943 3608
3944 2573
3945 2970
3946 4085
3947 1652
3948 4985
3949 1196
3950 43
3951 4438
3952 4895
3953 1341
3954 1445
3955 4541
3956 4488
3957 4853
3958 1418
3959 131
3960 4049
3961 2422
3962 3140
3963 1920
3964 4394
3965 4108
3966 4527
3967 1274
3968 2819
3969 3623
3970 2273
3971 3840
3972 2325
3973 969
3974 3067
3975 3884
3976 1983
3977 3280
3978 1233
3979 1626
3980 3250
3981 649
3982 871
3983 4087
3984 524
3985 3702
3986 3595
3987 2615
3988 4435
3989 3174
3990 4658
3991 2394
3992 3899
3993 170
3994 799
3995 335
3996 4217
3997 12
3998 3734
3999 1732
4000 3230
4001 3563
4002 3435
4003 283
4004 1483
4005 2832
4006 4369
4007 582
4008 2675
4009 4086
4010 1415
4011 526
4012 4434
4013 3520
4014 4837
4015 2094
4016 2229
4017 2352
4018 4519
4019 3799
4020 848
4021 1765
4022 2198
4023 1139
4024 3137
4025 4321
4026 1958
4027 741
4028 3952
4029 4479
4030 1953
4031 3579
4032 4071
4033 3979
4034 4264
4035 151
4036 567
4037 1964
4038 2423
4039 658
4040 3838
4041 514
4042 1209
4043 4579
4044 3342
4045 73
4046 16
4047 1360
4048 4957
4049 250
4050 731
4051 2083
4052 1972
4053 3723
4054 353
4055 4789
4056 2530
4057 1145
4058 2611
4059 1234
4060 3923
4061 1490
4062 4868
4063 3570
4064 3492
4065 788
4066 2543
4067 1915
4068 1275
4069 4320
4070 761
4071 140
4072 1261
4073 162
4074 4367
4075 3043
4076 1440
4077 2084
4078 4469
4079 682
4080 4268
4081 613
4082 4979
4083 1488
4084 3711
4085 519
4086 2019
4087 462
4088 933
4089 619
4090 803
4091 1370
4092 3839
4093 3916
4094 3493
4095 697
4096 3169
4097 3796
4098 4310
4099 3491
4100 3907
4101 366
4102 3653
4103 4903
4104 315
4105 3681
4106 4941
4107 1717
4108 3824
4109 4060
4110 1345
4111 1220
4112 144
4113 4237
4114 3124
4115 3876
4116 1559
4117 4174
4118 4402
4119 164
4120 4929
4121 119
4122 1495
4123 1393
4124 2012
4125 4005
4126 1462
4127 2872
4128 3148
4129 156
4130 352
4131 3826
4132 1388
4133 4936
4134 4148
4135 2828
4136 4395
4137 3138
4138 4569
4139 322
4140 2775
4141 1280
4142 2852
4143 4729
4144 332
4145 1126
4146 1019
4147 1520
4148 3606
4149 3558
4150 3421
4151 4754
4152 4230
4153 449
4154 3859
4155 3149
4156 2922
4157 4639
4158 4037
4159 221
4160 3612
4161 2396
4162 692
4163 2835
4164 2095
4165 3523
4166 1743
4167 2956
4168 333
4169 948
4170 1992
4171 2236
4172 40
4173 821
4174 4147
4175 4170
4176 47
4177 1645
4178 4295
4179 4253
4180 4371
4181 1284
4182 4701
4183 3481
4184 2190
4185 3455
4186 424
4187 1880
4188 3811
4189 4312
4190 2096
4191 1533
4192 636
4193 448
4194 686
4195 2886
4196 1377
4197 3033
4198 4514
4199 1751
4200 371
4201 4703
4202 970
4203 895
4204 676
4205 4988
4206 3224
4207 4106
4208 1966
4209 4843
4210 2544
4211 2269
4212 137
4213 4468
4214 1163
4215 1901
4216 1327
4217 716
4218 4451
4219 4218
4220 4787
4221 3843
4222 4116
4223 2148
4224 1116
4225 2687
4226 3736
4227 744
4228 4560
4229 242
4230 2429
4231 3237
4232 1177
4233 4027
4234 307
4235 4848
4236 1704
4237 4504
4238 3456
4239 857
4240 1852
4241 2011
4242 4932
4243 3697
4244 4755
4245 4290
4246 2024
4247 369
4248 2583
4249 2657
4250 2477
4251 690
4252 329
4253 531
4254 183
4255 4204
4256 4327
4257 1547
4258 1619
4259 3334
4260 402
4261 2271
4262 2059
4263 4542
4264 3091
4265 751
4266 1643
4267 3418
4268 4603
4269 3744
4270 3990
4271 4809
4272 4910
4273 3278
4274 2633
4275 4805
4276 208
4277 4840
4278 248
4279 3964
4280 184
4281 2049
4282 4238
4283 843
4284 1442
4285 4232
4286 2450
4287 562
4288 664
4289 4223
4290 1028
4291 2812
4292 915
4293 1447
4294 4289
4295 4153
4296 3099
4297 30
4298 4771
4299 3674
4300 167
4301 7
4302 4803
4303 391
4304 3303
4305 4572
4306 1394
4307 1544
4308 1885
4309 3333
4310 1258
4311 924
4312 1060
4313 3590
4314 604
4315 3561
4316 862
4317 1111
4318 4088
4319 1825
4320 559
4321 2087
4322 1976
4323 1889
4324 2015
4325 2258
4326 464
4327 3045
4328 1579
4329 4235
4330 410
4331 663
4332 364
4333 251
4334 1834
4335 538
4336 2742
4337 4080
4338 2000
4339 4759
4340 2035
4341 3190
4342 1458
4343 735
4344 2772
4345 203
4346 3410
4347 1090
4348 3046
4349 3915
4350 4191
4351 1721
4352 738
4353 694
4354 1148
4355 1160
4356 4421
4357 3451
4358 4407
4359 757
4360 515
4361 2004
4362 4460
4363 670
4364 2892
4365 2519
4366 4243
4367 3614
4368 4227
4369 2688
4370 1119
4371 1161
4372 1574
4373 2641
4374 2658
4375 4578
4376 1991
4377 2620
4378 1475
4379 2200
4380 819
4381 4518
4382 1093
4383 1977
4384 1538
4385 3886
4386 4528
4387 4380
4388 1199
4389 2075
4390 4637
4391 2829
4392 2960
4393 2522
4394 1902
4395 1355
4396 2972
4397 4456
4398 3307
4399 3014
4400 471
4401 886
4402 2758
4403 3070
4404 1826
4405 468
4406 2733
4407 3991
4408 1069
4409 758
4410 339
4411 530
4412 3767
4413 898
4414 2077
4415 724
4416 2398
4417 2755
4418 3363
4419 1622
4420 518
4421 4877
4422 2392
4423 3302
4424 607
4425 2517
4426 2951
4427 4355
4428 1987
4429 4466
4430 2802
4431 1849
4432 175
4433 1772
4434 532
4435 1542
4436 3885
4437 4093
4438 2502
4439 126
4440 2743
4441 2878
4442 578
4443 4553
4444 2113
4445 1063
4446 2150
4447 4297
4448 633
4449 3376
4450 3527
4451 1582
4452 2935
4453 3791
4454 2670
4455 1535
4456 1213
4457 1107
4458 4622
4459 1513
4460 798
4461 842
4462 349
4463 1984
4464 4281
4465 4859
4466 2224
4467 4095
4468 2076
4469 1156
4470 901
4471 2875
4472 4258
4473 2329
4474 179
4475 880
4476 3289
4477 3753
4478 4794
4479 4392
4480 92
4481 4076
4482 3308
4483 204
4484 4956
4485 3499
4486 4510
4487 4270
4488 3809
4489 4345
4490 3726
4491 4819
4492 3136
4493 1316
4494 2052
4495 1486
4496 779
4497 3061
4498 2287
4499 3413
4500 1841
4501 4376
4502 2080
4503 4119
4504 504
4505 1255
4506 3790
4507 4179
4508 806
4509 4844
4510 3813
4511 3423
4512 4638
4513 2945
4514 199
4515 3635
4516 325
4517 3444
4518 3900
4519 458
4520 2538
4521 2243
4522 687
4523 2570
4524 1759
4525 725
4526 4678
4527 1821
4528 2903
4529 4811
4530 4734
4531 4575
4532 3409
4533 2678
4534 461
4535 3430
4536 3549
4537 4908
4538 790
4539 56
4540 2102
4541 4330
4542 1838
4543 4944
4544 2119
4545 3553
4546 2443
4547 2574
4548 3862
4549 625
4550 942
4551 548
4552 3452
4553 2154
4554 1358
4555 815
4556 2260
4557 588
4558 2187
4559 1195
4560 4894
4561 4726
4562 1064
4563 243
4564 1910
4565 293
4566 1172
4567 3074
4568 1968
4569 4515
4570 4385
4571 313
4572 3710
4573 3182
4574 4222
4575 2934
4576 849
4577 377
4578 2497
4579 3063
4580 1082
4581 3624
4582 435
4583 1818
4584 1037
4585 392
4586 350
4587 4766
4588 714
4589 2129
4590 3822
4591 3125
4592 3658
4593 3426
4594 3292
4595 2370
4596 4720
4597 1552
4598 215
4599 874
4600 476
4601 1806
4602 4686
4603 2714
4604 742
4605 3760
4606 3370
4607 4309
4608 2705
4609 3800
4610 3827
4611 3733
4612 2366
4613 683
4614 3214
4615 1035
4616 1239
4617 2454
4618 3978
4619 4931
4620 1744
4621 270
4622 50
4623 1844
4624 3825
4625 1423
4626 1719
4627 1303
4628 2557
4629 1222
4630 4415
4631 2762
4632 1067
4633 1532
4634 1
4635 4074
4636 626
4637 26
4638 721
4639 3206
4640 438
4641 654
4642 884
4643 3
4644 2123
4645 3238
4646 1924
4647 3474
4648 308
4649 3153
4650 3869
4651 3186
4652 3832
4653 774
4654 4608
4655 3116
4656 1131
4657 1324
4658 4642
4659 4682
4660 2838
4661 1104
4662 4263
4663 4136
4664 3521
4665 1413
4666 902
4667 4683
4668 3276
4669 750
4670 1400
4671 4302
4672 2191
4673 4285
4674 4605
4675 4768
4676 4271
4677 93
4678 1811
4679 853
4680 870
4681 3079
4682 2390
4683 298
4684 1698
4685 1789
4686 4799
4687 2186
4688 4339
4689 2321
4690 2518
4691 2288
4692 951
4693 783
4694 980
4695 2042
4696 3682
4697 2022
4698 749
4699 4534
4700 4962
4701 3971
4702 3436
4703 4765
4704 1266
4705 2737
4706 4436
4707 2257
4708 3000
4709 405
4710 4441
4711 2382
4712 581
4713 3347
4714 3331
4715 2455
4716 3269
4717 2911
4718 3036
4719 4710
4720 3077
4721 3403
4722 1629
4723 1570
4724 1215
4725 561
4726 2693
4727 1603
4728 1439
4729 1609
4730 4351
4731 1878
4732 3629
4733 1350
4734 2555
4735 789
4736 3772
4737 3143
4738 3328
4739 3804
4740 3648
4741 2375
4742 4797
4743 3836
4744 3764
4745 1298
4746 1212
4747 1232
4748 1831
4749 2744
4750 3718
4751 1824
4752 3650
4753 2603
4754 3121
4755 4741
4756 1777
4757 949
4758 2470
4759 2605
4760 4832
4761 3274
4762 4299
4763 2442
4764 4817
4765 2638
4766 3434
4767 441
4768 2794
4769 1186
4770 3943
4771 4008
4772 3318
4773 64
4774 2997
4775 3040
4776 2773
4777 4959
4778 1387
4779 1027
4780 2864
4781 422
4782 1214
4783 3105
4784 3792
4785 4161
4786 2473
4787 113
4788 2767
4789 1323
4790 2066
4791 3651
4792 4915
4793 1047
4794 108
4795 1065
4796 2914
4797 817
4798 1299
4799 2134
4800 1867
4801 4965
4802 1146
4803 4657
4804 22
4805 3162
4806 1682
4807 2088
4808 2085
4809 674
4810 4276
4811 2750
4812 280
4813 1657
4814 4100
4815 3622
4816 4612
4817 3531
4818 1554
4819 3950
4820 80
4821 45
4822 4388
4823 1726
4824 3655
4825 1288
4826 35
4827 2890
4828 960
4829 3405
4830 2221
4831 598
4832 2421
4833 1534
4834 1321
4835 2905
4836 2668
4837 4975
4838 911
4839 3211
4840 529
4841 4500
4842 2839
4843 4561
4844 4189
4845 1802
4846 194
4847 832
4848 337
4849 4301
4850 599
4851 2160
4852 3765
4853 685
4854 784
4855 1633
4856 3913
4857 453
4858 252
4859 429
4860 2786
4861 4041
4862 374
4863 2342
4864 3233
4865 2761
4866 3941
4867 868
4868 426
4869 1248
4870 4026
4871 2112
4872 655
4873 3904
4874 1016
4875 4749
4876 415
4877 583
4878 2376
4879 331
4880 3998
4881 4862
4882 3198
4883 2334
4884 2249
4885 3854
4886 1733
4887 4306
4888 2999
4889 150
4890 3525
4891 4926
4892 4566
4893 2604
4894 1086
4895 1024
4896 2234
4897 2986
4898 3422
4899 1467
4900 4498
4901 3319
4902 127
4903 4361
4904 432
4905 2553
4906 1465
4907 1707
4908 433
4909 1616
4910 2728
4911 3199
4912 4122
4913 3177
4914 3164
4915 2467
4916 3501
4917 1407
4918 1637
4919 2754
4920 2869
4921 1087
4922 2769
4923 4287
4924 1646
4925 4960
4926 3059
4927 1812
4928 2559
4929 535
4930 1672
4931 4580
4932 417
4933 1881
4934 1092
4935 1493
4936 472
4937 1596
4938 919
4939 214
4940 2746
4941 2921
4942 4084
4943 1459
4944 4241
4945 4097
4946 2195
4947 2061
4948 3254
4949 439
4950 2361
4951 1823
4952 173
4953 4666
4954 2093
4955 1046
4956 4674
4957 3797
4958 2938
4959 3028
4960 966
4961 4412
4962 1007
4963 3968
4964 4743
4965 172
4966 3295
4967 75
4968 4721
4969 4772
4970 1557
4971 4411
4972 4112
4973 1661
4974 4558
4975 3208
4976 3771
4977 2175
4978 2814
4979 2041
4980 2739
4981 4851
4982 1273
4983 1566
4984 3312
4985 4016
4986 4644
4987 1908
4988 395
4989 1531
4990 4409
