0 159
1 303
2 296
3 193
4 156
5 0
6 335
7 171
8 241
9 337
10 141
11 127
12 9
13 44
14 123
15 252
16 346
17 267
18 388
19 265
20 280
21 379
22 102
23 317
24 99
25 10
26 14
27 242
28 11
29 51
30 396
31 264
32 58
33 384
34 72
35 145
36 30
37 8
38 112
39 234
40 91
41 307
42 149
43 78
44 45
45 344
46 110
47 152
48 374
49 351
50 348
51 305
52 151
53 230
54 239
55 215
56 46
57 175
58 240
59 85
60 70
61 349
62 154
63 246
64 366
65 120
66 158
67 119
68 124
69 352
70 256
71 62
72 383
73 182
74 356
75 262
76 101
77 115
78 331
79 136
80 276
81 68
82 188
83 363
84 226
85 263
86 259
87 206
88 201
89 268
90 96
91 125
92 271
93 130
94 92
95 61
96 19
97 148
98 302
99 314
100 231
101 311
102 186
103 321
104 319
105 26
106 312
107 48
108 353
109 80
110 135
111 360
112 222
113 371
114 2
115 27
116 273
117 394
118 228
119 297
120 69
121 279
122 34
123 306
124 253
125 122
126 64
127 212
128 281
129 329
130 108
131 75
132 93
133 32
134 254
135 140
136 142
137 288
138 274
139 134
140 320
141 169
142 251
143 287
144 208
145 316
146 334
147 86
148 168
149 235
150 88
151 106
152 82
153 38
154 57
155 95
156 278
157 40
158 94
159 97
160 347
161 397
162 248
163 73
164 275
165 133
166 185
167 195
168 116
169 83
170 338
171 210
172 6
173 104
174 81
175 327
176 74
177 24
178 299
179 43
180 198
181 340
182 362
183 372
184 179
185 289
186 390
187 357
188 272
189 322
190 250
191 368
192 111
193 71
194 244
195 325
196 216
197 50
198 249
199 128
200 260
201 25
202 177
203 364
204 194
205 103
206 53
207 223
208 367
209 161
210 219
211 176
212 382
213 284
214 153
215 370
216 227
217 236
218 232
219 79
220 369
221 207
222 33
223 354
224 65
225 4
226 192
227 199
228 77
229 355
230 339
231 143
232 181
233 300
234 42
235 294
236 191
237 323
238 376
239 7
240 324
241 162
242 255
243 39
244 131
245 365
246 137
247 332
248 87
249 67
250 224
251 358
252 375
253 187
254 166
255 295
256 197
257 380
258 345
259 5
260 203
261 270
262 144
263 266
264 52
265 214
266 290
267 49
268 126
269 121
270 385
271 76
272 157
273 298
274 129
275 63
276 89
277 326
278 109
279 220
280 277
281 36
282 200
283 315
284 399
285 245
286 196
287 343
288 29
289 160
290 398
291 359
292 213
293 114
294 167
295 23
296 21
297 118
298 28
299 55
300 386
301 387
302 378
303 237
304 174
305 132
306 291
307 247
308 204
309 31
310 225
311 178
312 12
313 20
314 333
315 269
316 238
317 328
318 113
319 183
320 381
321 1
322 37
323 164
324 392
325 98
326 209
327 84
328 218
329 258
330 261
331 155
332 293
333 282
334 60
335 233
336 395
337 184
338 17
339 373
340 165
341 257
342 189
343 361
344 391
345 286
346 105
347 190
348 117
349 56
350 304
351 22
352 229
353 350
354 59
355 308
356 217
357 172
358 15
359 139
360 301
361 138
362 107
363 163
364 221
365 309
366 16
367 292
368 389
369 285
370 173
371 3
372 54
373 170
374 243
375 90
376 150
377 336
378 393
379 342
380 66
381 100
382 283
383 341
384 202
385 47
386 180
387 330
388 18
389 205
390 310
391 146
392 35
393 318
394 313
395 211
396 41
397 147
398 13
399 377
