0 136
1 300
2 290
3 104
4 395
5 63
6 172
7 81
8 288
9 317
10 29
11 299
12 127
13 36
14 1
15 47
16 192
17 161
18 135
19 202
20 170
21 168
22 322
23 51
24 358
25 146
26 64
27 266
28 398
29 259
30 128
31 330
32 244
33 155
34 376
35 371
36 217
37 247
38 118
39 173
40 302
41 205
42 381
43 71
44 230
45 177
46 367
47 50
48 345
49 117
50 372
51 37
52 157
53 52
54 191
55 204
56 265
57 126
58 78
59 124
60 116
61 271
62 210
63 5
64 368
65 318
66 97
67 229
68 309
69 76
70 28
71 294
72 212
73 15
74 53
75 23
76 375
77 88
78 35
79 255
80 101
81 224
82 30
83 310
84 6
85 142
86 108
87 287
88 32
89 382
90 277
91 213
92 123
93 105
94 154
95 21
96 272
97 258
98 346
99 326
100 95
101 179
102 84
103 227
104 49
105 341
106 198
107 283
108 167
109 102
110 218
111 122
112 75
113 347
114 100
115 54
116 308
117 156
118 201
119 44
120 73
121 45
122 4
123 206
124 353
125 338
126 186
127 27
128 301
129 25
130 85
131 356
132 65
133 221
134 240
135 132
136 315
137 249
138 386
139 328
140 66
141 169
142 159
143 67
144 384
145 329
146 352
147 18
148 349
149 331
150 296
151 233
152 279
153 263
154 305
155 22
156 185
157 69
158 350
159 332
160 397
161 359
162 43
163 319
164 153
165 223
166 236
167 390
168 188
169 46
170 340
171 148
172 70
173 165
174 77
175 152
176 394
177 208
178 297
179 129
180 364
181 141
182 222
183 171
184 56
185 261
186 234
187 365
188 2
189 216
190 184
191 12
192 140
193 193
194 145
195 20
196 335
197 323
198 215
199 267
200 98
201 3
202 275
203 41
204 391
205 61
206 111
207 92
208 239
209 31
210 180
211 383
212 82
213 250
214 209
215 200
216 285
217 137
218 295
219 106
220 34
221 392
222 143
223 60
224 42
225 370
226 147
227 241
228 225
229 327
230 363
231 175
232 276
233 289
234 343
235 374
236 187
237 377
238 316
239 189
240 83
241 360
242 183
243 366
244 62
245 151
246 178
247 373
248 362
249 380
250 115
251 280
252 162
253 242
254 333
255 40
256 120
257 197
258 354
259 55
260 387
261 337
262 378
263 99
264 80
265 90
266 388
267 284
268 130
269 134
270 232
271 13
272 389
273 342
274 355
275 252
276 144
277 11
278 219
279 163
280 286
281 282
282 254
283 273
284 89
285 109
286 253
287 16
288 320
289 324
290 176
291 311
292 379
293 17
294 313
295 292
296 8
297 59
298 214
299 38
300 194
301 48
302 26
303 238
304 158
305 114
306 351
307 264
308 314
309 150
310 256
311 304
312 93
313 385
314 57
315 361
316 195
317 237
318 399
319 190
320 138
321 125
322 164
323 270
324 58
325 149
326 211
327 72
328 312
329 336
330 74
331 257
332 357
333 325
334 87
335 0
336 369
337 274
338 33
339 260
340 393
341 166
342 248
343 344
344 196
345 131
346 396
347 19
348 269
349 245
350 96
351 24
352 10
353 91
354 278
355 94
356 262
357 298
358 246
359 281
360 107
361 307
362 251
363 303
364 139
365 348
366 203
367 182
368 119
369 110
370 339
371 321
372 226
373 133
374 268
375 68
376 293
377 199
378 112
379 86
380 121
381 79
382 243
383 306
384 220
385 160
386 235
387 181
388 7
389 334
390 14
391 103
392 174
393 9
394 291
395 39
396 113
397 228
398 207
399 231
