0 1543
1 3518
2 2266
3 2115
4 3551
5 4100
6 2043
7 1737
8 682
9 1888
10 3421
11 1546
12 967
13 4149
14 2237
15 2015
16 3637
17 2805
18 2290
19 4036
20 3575
21 3106
22 2715
23 2354
24 1382
25 3689
26 3360
27 1348
28 4084
29 3101
30 3439
31 4050
32 1674
33 600
34 2629
35 3296
36 688
37 52
38 997
39 4054
40 3474
41 1214
42 648
43 3918
44 163
45 2307
46 2010
47 1181
48 122
49 933
50 1539
51 3440
52 1454
53 1835
54 982
55 3290
56 80
57 4165
58 2851
59 146
60 995
61 2952
62 1573
63 480
64 3750
65 1143
66 3610
67 4097
68 4094
69 2618
70 2543
71 943
72 1410
73 2680
74 267
75 2717
76 451
77 1872
78 3180
79 1276
80 1969
81 748
82 2807
83 3285
84 2721
85 1651
86 1777
87 1837
88 1653
89 4021
90 3353
91 3051
92 398
93 2324
94 3255
95 369
96 3057
97 1814
98 3496
99 606
100 3090
101 2887
102 3100
103 3790
104 1316
105 3021
106 2310
107 2093
108 3848
109 3762
110 3523
111 3349
112 1393
113 878
114 2801
115 2885
116 1681
117 3944
118 3781
119 2400
120 1419
121 1863
122 1808
123 1780
124 2168
125 1937
126 478
127 117
128 3506
129 474
130 3444
131 1786
132 3418
133 22
134 1458
135 3272
136 1659
137 2908
138 3344
139 545
140 801
141 1156
142 3298
143 1203
144 2229
145 4129
146 341
147 638
148 1312
149 1972
150 2929
151 2868
152 886
153 351
154 1880
155 1424
156 924
157 970
158 585
159 526
160 1884
161 329
162 2379
163 213
164 3275
165 3729
166 2632
167 3256
168 2170
169 3310
170 123
171 3535
172 2642
173 2874
174 2579
175 3673
176 2821
177 3775
178 1991
179 2656
180 3351
181 2619
182 3167
183 1075
184 69
185 3123
186 1109
187 845
188 3915
189 2961
190 142
191 3843
192 3391
193 1490
194 1657
195 3257
196 3600
197 3288
198 2743
199 632
200 1481
201 2636
202 2128
203 2916
204 3601
205 241
206 654
207 46
208 1812
209 2591
210 2020
211 3581
212 1222
213 1415
214 2731
215 1386
216 980
217 319
218 3569
219 2086
220 972
221 1133
222 2911
223 2762
224 3253
225 1583
226 1120
227 3864
228 1865
229 6
230 3567
231 1761
232 1727
233 2424
234 855
235 3688
236 3193
237 2269
238 1390
239 2499
240 3042
241 734
242 2769
243 3602
244 1243
245 471
246 2967
247 1124
248 3387
249 3640
250 2492
251 3104
252 2603
253 1142
254 3347
255 3946
256 3818
257 1744
258 873
259 3169
260 1728
261 2491
262 583
263 890
264 1796
265 3562
266 800
267 219
268 1094
269 1256
270 3350
271 1487
272 2880
273 2459
274 4164
275 2490
276 3303
277 1726
278 1867
279 1626
280 1793
281 3241
282 280
283 1847
284 2005
285 1385
286 2472
287 1448
288 3851
289 359
290 2735
291 1477
292 698
293 3029
294 3977
295 3124
296 1508
297 2099
298 680
299 2196
300 1113
301 1315
302 411
303 1825
304 1918
305 77
306 636
307 449
308 3396
309 3654
310 3932
311 2236
312 2413
313 3718
314 3892
315 827
316 1668
317 1103
318 1819
319 2011
320 2504
321 2678
322 348
323 194
324 932
325 1801
326 4166
327 4027
328 1714
329 3379
330 2675
331 3088
332 963
333 1704
334 2981
335 2613
336 1469
337 3906
338 547
339 2207
340 2703
341 3000
342 641
343 1613
344 1028
345 913
346 1567
347 555
348 1259
349 173
350 594
351 2570
352 4086
353 1208
354 1234
355 759
356 1871
357 34
358 133
359 2158
360 3436
361 2778
362 399
363 2616
364 2986
365 3585
366 525
367 2886
368 3485
369 149
370 2652
371 2783
372 3833
373 754
374 697
375 3487
376 3728
377 1862
378 2923
379 2747
380 1437
381 68
382 1464
383 44
384 2795
385 2022
386 3125
387 252
388 957
389 3832
390 138
391 3322
392 1097
393 1302
394 1983
395 3854
396 2924
397 3
398 2470
399 2535
400 1935
401 1527
402 1886
403 2770
404 3056
405 2756
406 787
407 725
408 1580
409 2550
410 4163
411 2044
412 3625
413 289
414 2785
415 2181
416 2304
417 298
418 945
419 538
420 3127
421 134
422 1601
423 2818
424 3950
425 2297
426 3017
427 1647
428 3865
429 1091
430 2566
431 3608
432 4044
433 2191
434 3694
435 3823
436 3899
437 660
438 650
439 3501
440 973
441 1600
442 2727
443 1056
444 2509
445 601
446 1258
447 1564
448 1399
449 1759
450 3363
451 674
452 884
453 1598
454 2104
455 2414
456 431
457 2276
458 1044
459 3953
460 3011
461 1441
462 3921
463 806
464 3564
465 3751
466 500
467 3327
468 2963
469 1830
470 1340
471 157
472 3401
473 3152
474 2709
475 619
476 1045
477 2162
478 269
479 89
480 2344
481 3756
482 487
483 1776
484 3437
485 2554
486 1421
487 2322
488 2903
489 833
490 3129
491 1002
492 4123
493 896
494 2798
495 2087
496 1848
497 1963
498 1773
499 2621
500 2647
501 1608
502 457
503 3991
504 1099
505 3132
506 2698
507 4073
508 590
509 1630
510 2855
511 3721
512 445
513 2971
514 829
515 2734
516 3307
517 246
518 3358
519 235
520 2999
521 339
522 440
523 4077
524 1566
525 3463
526 3887
527 1571
528 1917
529 343
530 657
531 1359
532 3055
533 2284
534 2046
535 2849
536 2427
537 4031
538 2001
539 1404
540 3061
541 1145
542 2847
543 1893
544 516
545 189
546 11
547 3399
548 664
549 2209
550 1245
551 2243
552 2522
553 1003
554 1677
555 775
556 2860
557 2615
558 3969
559 513
560 1586
561 2897
562 2455
563 763
564 3521
565 2679
566 2732
567 953
568 3097
569 1536
570 3875
571 1346
572 4079
573 1246
574 3692
575 3165
576 3260
577 850
578 285
579 716
580 3623
581 152
582 1624
583 1740
584 1292
585 3547
586 4055
587 2048
588 3039
589 3301
590 2396
591 2474
592 3466
593 218
594 4140
595 3448
596 4069
597 1760
598 2058
599 2101
600 1059
601 1841
602 3797
603 3109
604 2691
605 3220
606 3010
607 362
608 614
609 88
610 2481
611 1183
612 1670
613 3203
614 2326
615 3174
616 4096
617 786
618 3026
619 922
620 3861
621 326
622 2555
623 466
624 1118
625 3701
626 3155
627 3646
628 3788
629 1604
630 2061
631 3917
632 3708
633 956
634 2658
635 3825
636 3184
637 3519
638 3103
639 3831
640 1669
641 909
642 1672
643 859
644 4137
645 1493
646 221
647 2145
648 1009
649 1973
650 2309
651 3529
652 1833
653 510
654 1852
655 1900
656 153
657 324
658 710
659 2278
660 3386
661 1055
662 667
663 3007
664 2561
665 2712
666 2784
667 1590
668 3838
669 1932
670 1554
671 2321
672 1336
673 2378
674 3001
675 3388
676 2843
677 760
678 1297
679 1115
680 115
681 3965
682 1735
683 1347
684 934
685 2553
686 1922
687 2013
688 3385
689 3335
690 1119
691 1414
692 2738
693 839
694 2495
695 2443
696 211
697 4110
698 1976
699 3556
700 2228
701 3003
702 1225
703 1795
704 1577
705 2948
706 4075
707 4061
708 3549
709 1032
710 3902
711 2532
712 2787
713 1655
714 1729
715 2718
716 2672
717 2210
718 2408
719 412
720 3681
721 1342
722 644
723 284
724 2391
725 3381
726 695
727 831
728 1765
729 2955
730 2773
731 4130
732 3663
733 571
734 3949
735 140
736 2349
737 35
738 143
739 3835
740 3110
741 861
742 3664
743 4053
744 3471
745 1269
746 2313
747 296
748 2375
749 2452
750 2034
751 557
752 1696
753 3159
754 2139
755 1096
756 1710
757 1945
758 1377
759 2272
760 3186
761 3019
762 1324
763 1286
764 978
765 2184
766 3809
767 3849
768 1811
769 575
770 4098
771 3302
772 3954
773 183
774 476
775 965
776 846
777 7
778 402
779 3094
780 2352
781 370
782 400
783 1123
784 2945
785 2225
786 366
787 3217
788 663
789 4153
790 2856
791 2813
792 2815
793 773
794 1446
795 2033
796 20
797 2125
798 364
799 3451
800 3446
801 2473
802 1034
803 3684
804 4106
805 617
806 135
807 1758
808 479
809 2136
810 2098
811 1877
812 239
813 145
814 2586
815 472
816 283
817 475
818 204
819 2084
820 3168
821 2283
822 976
823 701
824 2956
825 722
826 1182
827 2129
828 1098
829 3375
830 3194
831 2589
832 2239
833 2995
834 2694
835 3588
836 2404
837 1746
838 226
839 1374
840 1427
841 3156
842 2426
843 1388
844 2345
845 1507
846 485
847 876
848 3520
849 4074
850 2190
851 353
852 1396
853 568
854 3925
855 730
856 3733
857 3871
858 3996
859 4108
860 470
861 2039
862 706
863 2869
864 1102
865 2973
866 2174
867 207
868 2983
869 3786
870 1783
871 3403
872 2810
873 47
874 3072
875 1164
876 917
877 3743
878 2337
879 1314
880 318
881 1910
882 1667
883 3644
884 3747
885 4080
886 1430
887 1702
888 3076
889 3495
890 2157
891 1447
892 2692
893 1743
894 27
895 3494
896 3840
897 2825
898 3791
899 2213
900 1905
901 220
902 1288
903 3891
904 3343
905 2700
906 993
907 684
908 3271
909 323
910 1971
911 3368
912 951
913 154
914 1435
915 2663
916 1526
917 3571
918 1530
919 4167
920 1201
921 1724
922 1713
923 3768
924 2425
925 1361
926 352
927 567
928 4038
929 2921
930 4087
931 316
932 1168
933 711
934 3656
935 2534
936 4161
937 129
938 2274
939 669
940 304
941 1792
942 2696
943 3672
944 3648
945 3147
946 2725
947 719
948 3372
949 1263
950 2134
951 70
952 238
953 2790
954 79
955 2711
956 3552
957 3324
958 2624
959 2271
960 3280
961 2599
962 562
963 363
964 4063
965 3573
966 2238
967 3319
968 1202
969 653
970 2716
971 3044
972 891
973 2457
974 2686
975 2834
976 1337
977 549
978 681
979 2261
980 303
981 2440
982 1763
983 1595
984 1511
985 3071
986 4045
987 2118
988 1050
989 385
990 651
991 952
992 3455
993 2071
994 206
995 3821
996 273
997 3384
998 3956
999 3755
1000 3114
1001 3266
1002 3926
1003 2317
1004 1876
1005 3475
1006 3005
1007 110
1008 3427
1009 1042
1010 2581
1011 492
1012 3102
1013 597
1014 124
1015 4143
1016 1060
1017 3873
1018 3537
1019 3218
1020 2944
1021 604
1022 3462
1023 3469
1024 2091
1025 2041
1026 2820
1027 1344
1028 2824
1029 2977
1030 2857
1031 2406
1032 4070
1033 1717
1034 1687
1035 3740
1036 3945
1037 424
1038 693
1039 2301
1040 1015
1041 4124
1042 111
1043 2958
1044 441
1045 1476
1046 420
1047 3249
1048 1126
1049 1053
1050 3770
1051 4154
1052 2431
1053 2823
1054 1408
1055 2323
1056 75
1057 2835
1058 565
1059 1916
1060 3553
1061 906
1062 753
1063 3482
1064 3352
1065 2771
1066 3233
1067 852
1068 1460
1069 97
1070 2264
1071 2208
1072 1061
1073 401
1074 919
1075 3779
1076 599
1077 3545
1078 3489
1079 4082
1080 1249
1081 3799
1082 3801
1083 1570
1084 2382
1085 3516
1086 12
1087 1968
1088 999
1089 1423
1090 2030
1091 1686
1092 2073
1093 2246
1094 683
1095 1908
1096 1313
1097 593
1098 1565
1099 1303
1100 84
1101 3018
1102 3153
1103 2432
1104 2817
1105 3897
1106 925
1107 2176
1108 1802
1109 4146
1110 1708
1111 2674
1112 2028
1113 489
1114 3876
1115 1878
1116 3420
1117 3171
1118 3579
1119 2685
1120 248
1121 589
1122 2250
1123 3707
1124 1579
1125 2292
1126 1913
1127 1951
1128 1929
1129 2330
1130 611
1131 1031
1132 2904
1133 938
1134 1540
1135 2315
1136 1330
1137 561
1138 3984
1139 2753
1140 62
1141 2242
1142 1274
1143 3348
1144 1250
1145 477
1146 3966
1147 2464
1148 2633
1149 191
1150 3890
1151 40
1152 936
1153 2940
1154 1445
1155 2707
1156 1675
1157 2446
1158 1907
1159 387
1160 29
1161 1339
1162 2482
1163 1318
1164 3105
1165 1912
1166 1635
1167 2007
1168 1220
1169 2293
1170 2221
1171 1456
1172 755
1173 685
1174 3879
1175 3502
1176 1592
1177 448
1178 1267
1179 1817
1180 1167
1181 1721
1182 3989
1183 242
1184 2545
1185 3939
1186 1896
1187 2714
1188 1645
1189 3128
1190 54
1191 171
1192 1443
1193 3808
1194 580
1195 1794
1196 87
1197 923
1198 3671
1199 2786
1200 3232
1201 53
1202 740
1203 1111
1204 2319
1205 1
1206 1161
1207 2575
1208 1006
1209 2866
1210 3811
1211 3753
1212 1719
1213 3082
1214 4112
1215 1023
1216 3748
1217 345
1218 3715
1219 1660
1220 3869
1221 2767
1222 3073
1223 3895
1224 3793
1225 195
1226 4085
1227 3237
1228 3227
1229 3041
1230 2311
1231 3299
1232 2631
1233 1376
1234 573
1235 2569
1236 1891
1237 2946
1238 3178
1239 822
1240 1112
1241 3776
1242 1764
1243 1152
1244 1733
1245 212
1246 1255
1247 1928
1248 4016
1249 2782
1250 1985
1251 792
1252 1148
1253 165
1254 1417
1255 1703
1256 3967
1257 1079
1258 2584
1259 2183
1260 2256
1261 1662
1262 3725
1263 4148
1264 3263
1265 817
1266 803
1267 3913
1268 2068
1269 2848
1270 2149
1271 32
1272 2662
1273 2514
1274 463
1275 1210
1276 2380
1277 3329
1278 1731
1279 3503
1280 1706
1281 3490
1282 4004
1283 1654
1284 3717
1285 2547
1286 3214
1287 1943
1288 1219
1289 147
1290 1327
1291 2166
1292 533
1293 1836
1294 2222
1295 3972
1296 940
1297 1204
1298 1745
1299 1209
1300 1641
1301 256
1302 2582
1303 1373
1304 2108
1305 866
1306 3162
1307 2989
1308 1473
1309 4089
1310 3974
1311 3278
1312 3580
1313 2325
1314 3274
1315 45
1316 1611
1317 2796
1318 3782
1319 2941
1320 3120
1321 1502
1322 994
1323 948
1324 2002
1325 3757
1326 3077
1327 2172
1328 947
1329 576
1330 825
1331 2109
1332 3340
1333 4052
1334 3855
1335 1019
1336 1426
1337 2812
1338 1239
1339 3362
1340 2912
1341 105
1342 205
1343 2953
1344 3339
1345 3923
1346 3597
1347 820
1348 598
1349 2870
1350 1498
1351 1875
1352 169
1353 3699
1354 2273
1355 136
1356 1515
1357 2943
1358 1981
1359 176
1360 3411
1361 3666
1362 532
1363 1240
1364 944
1365 2799
1366 2846
1367 3163
1368 3122
1369 3355
1370 2428
1371 2593
1372 3736
1373 3934
1374 301
1375 877
1376 3900
1377 881
1378 2710
1379 1766
1380 1995
1381 3702
1382 724
1383 4127
1384 2199
1385 2387
1386 2438
1387 1578
1388 1021
1389 530
1390 2578
1391 2420
1392 2417
1393 1934
1394 1389
1395 3962
1396 3628
1397 2097
1398 709
1399 3223
1400 531
1401 2563
1402 3086
1403 461
1404 696
1405 498
1406 2614
1407 3971
1408 1299
1409 2262
1410 1083
1411 670
1412 511
1413 3662
1414 3297
1415 2746
1416 1016
1417 39
1418 911
1419 3096
1420 2988
1421 1354
1422 609
1423 1412
1424 929
1425 1231
1426 90
1427 528
1428 2650
1429 2682
1430 1062
1431 1130
1432 718
1433 1921
1434 2665
1435 3745
1436 434
1437 3228
1438 1012
1439 2477
1440 1108
1441 4076
1442 2684
1443 3988
1444 4088
1445 901
1446 166
1447 3034
1448 954
1449 2587
1450 4104
1451 2014
1452 1778
1453 739
1454 1251
1455 2342
1456 623
1457 3376
1458 56
1459 2416
1460 3283
1461 4058
1462 4159
1463 3938
1464 2607
1465 1084
1466 813
1467 882
1468 3732
1469 2827
1470 1368
1471 778
1472 2152
1473 2990
1474 1260
1475 1335
1476 1387
1477 1879
1478 1895
1479 3777
1480 382
1481 443
1482 2395
1483 1200
1484 3824
1485 3670
1486 3126
1487 2466
1488 874
1489 4156
1490 2558
1491 231
1492 119
1493 1636
1494 2844
1495 4060
1496 3862
1497 2187
1498 1475
1499 1491
1500 2976
1501 1646
1502 1561
1503 1378
1504 2919
1505 987
1506 1933
1507 3507
1508 3749
1509 83
1510 2056
1511 2997
1512 3958
1513 721
1514 1774
1515 2201
1516 3789
1517 554
1518 1544
1519 3113
1520 1821
1521 3910
1522 3611
1523 481
1524 272
1525 4059
1526 2758
1527 2542
1528 1262
1529 3612
1530 2202
1531 1813
1532 2265
1533 3606
1534 1767
1535 2781
1536 3239
1537 1520
1538 327
1539 1992
1540 2580
1541 4141
1542 771
1543 2902
1544 998
1545 1307
1546 2754
1547 2606
1548 286
1549 10
1550 1073
1551 403
1552 2942
1553 1090
1554 386
1555 130
1556 840
1557 2740
1558 1684
1559 2240
1560 3089
1561 3308
1562 4019
1563 3975
1564 3978
1565 1824
1566 2302
1567 2510
1568 3468
1569 465
1570 704
1571 807
1572 2267
1573 1406
1574 4160
1575 1499
1576 3361
1577 2258
1578 2483
1579 2729
1580 2155
1581 1652
1582 3409
1583 3210
1584 268
1585 3293
1586 3166
1587 188
1588 1693
1589 446
1590 629
1591 1869
1592 765
1593 390
1594 309
1595 2060
1596 179
1597 2012
1598 2418
1599 826
1600 2878
1601 126
1602 655
1603 652
1604 3063
1605 1328
1606 1311
1607 2486
1608 358
1609 2637
1610 178
1611 1809
1612 311
1613 2204
1614 3759
1615 3452
1616 2949
1617 703
1618 2453
1619 3264
1620 306
1621 2836
1622 335
1623 3982
1624 3914
1625 3130
1626 841
1627 2092
1628 2926
1629 509
1630 3999
1631 2867
1632 2288
1633 2932
1634 2993
1635 2200
1636 3235
1637 1663
1638 1253
1639 4025
1640 1391
1641 3027
1642 271
1643 1468
1644 2551
1645 1121
1646 3609
1647 2667
1648 1572
1649 57
1650 9
1651 522
1652 1975
1653 2959
1654 1442
1655 3265
1656 691
1657 4157
1658 991
1659 3406
1660 2179
1661 109
1662 193
1663 3792
1664 3652
1665 1172
1666 2460
1667 2336
1668 3968
1669 499
1670 1603
1671 1264
1672 1452
1673 744
1674 1326
1675 3882
1676 1304
1677 371
1678 3405
1679 2909
1680 312
1681 889
1682 3314
1683 3859
1684 1924
1685 2147
1686 2884
1687 2401
1688 2749
1689 941
1690 2498
1691 732
1692 665
1693 796
1694 2122
1695 518
1696 2077
1697 249
1698 3509
1699 3176
1700 3594
1701 782
1702 3676
1703 3336
1704 3737
1705 1889
1706 1364
1707 1942
1708 66
1709 961
1710 2232
1711 2287
1712 3878
1713 102
1714 3682
1715 2169
1716 3119
1717 282
1718 2741
1719 1218
1720 2484
1721 921
1722 1198
1723 1712
1724 2123
1725 1054
1726 627
1727 1350
1728 1699
1729 4125
1730 2530
1731 2165
1732 2024
1733 3268
1734 247
1735 2900
1736 864
1737 3703
1738 745
1739 2008
1740 4133
1741 3920
1742 3198
1743 3289
1744 3582
1745 3812
1746 454
1747 3325
1748 3500
1749 3726
1750 1682
1751 1349
1752 1939
1753 3874
1754 107
1755 406
1756 4014
1757 1017
1758 3014
1759 620
1760 3826
1761 616
1762 505
1763 2254
1764 3916
1765 686
1766 3115
1767 3836
1768 3369
1769 1550
1770 2594
1771 1810
1772 3199
1773 3794
1774 2257
1775 1067
1776 1191
1777 3499
1778 1284
1779 3524
1780 1195
1781 1748
1782 853
1783 1105
1784 3903
1785 3331
1786 3334
1787 58
1788 3872
1789 2513
1790 3705
1791 1799
1792 3898
1793 2623
1794 2877
1795 3185
1796 2478
1797 3270
1798 338
1799 439
1800 395
1801 469
1802 3404
1803 1911
1804 656
1805 3442
1806 713
1807 3219
1808 1179
1809 4090
1810 3607
1811 464
1812 3467
1813 1420
1814 823
1815 3554
1816 2163
1817 3460
1818 979
1819 3459
1820 3048
1821 1844
1822 2357
1823 4131
1824 1279
1825 1594
1826 1919
1827 824
1828 3390
1829 2524
1830 210
1831 2389
1832 127
1833 408
1834 2430
1835 3497
1836 357
1837 214
1838 19
1839 4062
1840 2255
1841 2032
1842 1425
1843 3889
1844 1366
1845 3986
1846 325
1847 1634
1848 1371
1849 1212
1850 2906
1851 3668
1852 495
1853 4122
1854 3937
1855 0
1856 4155
1857 86
1858 777
1859 93
1860 3231
1861 1131
1862 459
1863 3798
1864 2802
1865 847
1866 1184
1867 1906
1868 156
1869 265
1870 3013
1871 354
1872 2338
1873 1904
1874 2230
1875 1501
1876 2088
1877 73
1878 3752
1879 2676
1880 895
1881 3557
1882 2138
1883 1082
1884 1513
1885 2106
1886 3955
1887 1151
1888 1679
1889 3304
1890 3380
1891 798
1892 2215
1893 3613
1894 4113
1895 2270
1896 3276
1897 491
1898 2905
1899 2864
1900 4065
1901 3383
1902 1850
1903 2494
1904 3816
1905 1858
1906 379
1907 1925
1908 3596
1909 208
1910 263
1911 118
1912 2845
1913 630
1914 3713
1915 2544
1916 1741
1917 2768
1918 2435
1919 78
1920 1842
1921 3896
1922 257
1923 2506
1924 2089
1925 2063
1926 2677
1927 1528
1928 1560
1929 3337
1930 2858
1931 810
1932 237
1933 229
1934 2038
1935 2074
1936 1338
1937 678
1938 3435
1939 2748
1940 2260
1941 3645
1942 2372
1943 1358
1944 116
1945 935
1946 3595
1947 2188
1948 1149
1949 2617
1950 512
1951 1547
1952 3505
1953 1988
1954 4093
1955 4116
1956 4095
1957 3856
1958 61
1959 1960
1960 48
1961 1701
1962 2110
1963 3561
1964 4132
1965 3157
1966 4018
1967 1495
1968 687
1969 1754
1970 2436
1971 1857
1972 2838
1973 112
1974 1334
1975 550
1976 2723
1977 1453
1978 2841
1979 3091
1980 3959
1981 1140
1982 2828
1983 3043
1984 2080
1985 3669
1986 1631
1987 2403
1988 785
1989 2598
1990 690
1991 3754
1992 1223
1993 2697
1994 879
1995 1392
1996 856
1997 2928
1998 774
1999 3665
2000 2644
2001 1936
2002 1838
2003 4046
2004 3493
2005 2947
2006 3197
2007 355
2008 108
2009 1238
2010 2167
2011 714
2012 1489
2013 2576
2014 3997
2015 232
2016 3709
2017 3426
2018 3445
2019 1206
2020 4017
2021 2346
2022 628
2023 1325
2024 747
2025 2641
2026 2054
2027 692
2028 3458
2029 3415
2030 2205
2031 2036
2032 3099
2033 3020
2034 3177
2035 2862
2036 2574
2037 946
2038 756
2039 30
2040 2839
2041 2605
2042 502
2043 302
2044 201
2045 838
2046 1807
2047 508
2048 1688
2049 2933
2050 1658
2051 902
2052 865
2053 1859
2054 3802
2055 2764
2056 1894
2057 1874
2058 3202
2059 295
2060 245
2061 2369
2062 1291
2063 2117
2064 1207
2065 3300
2066 3402
2067 3261
2068 1846
2069 1589
2070 1529
2071 821
2072 2809
2073 2216
2074 128
2075 71
2076 391
2077 2966
2078 802
2079 1033
2080 2186
2081 3006
2082 3292
2083 2808
2084 473
2085 2645
2086 1804
2087 3706
2088 1071
2089 584
2090 3273
2091 2192
2092 2286
2093 3720
2094 3526
2095 1188
2096 1685
2097 1483
2098 2180
2099 2402
2100 3002
2101 797
2102 2918
2103 1136
2104 3647
2105 3135
2106 3961
2107 1690
2108 3815
2109 2775
2110 360
2111 1413
2112 3936
2113 4120
2114 893
2115 1450
2116 1178
2117 3911
2118 1444
2119 415
2120 666
2121 3804
2122 2468
2123 577
2124 3433
2125 2072
2126 3269
2127 4008
2128 1557
2129 3697
2130 2220
2131 2306
2132 3919
2133 1930
2134 3181
2135 103
2136 3661
2137 3141
2138 3311
2139 3605
2140 3631
2141 3881
2142 1418
2143 2622
2144 2899
2145 3638
2146 2588
2147 1768
2148 299
2149 966
2150 4066
2151 2023
2152 452
2153 3211
2154 3022
2155 1170
2156 4107
2157 815
2158 1978
2159 182
2160 381
2161 3844
2162 3188
2163 456
2164 1569
2165 1409
2166 1788
2167 3834
2168 3860
2169 328
2170 1938
2171 2639
2172 1005
2173 397
2174 2182
2175 3488
2176 2640
2177 3356
2178 421
2179 1355
2180 1769
2181 1363
2182 4029
2183 1873
2184 3030
2185 2476
2186 1519
2187 393
2188 3395
2189 1756
2190 1051
2191 1673
2192 3138
2193 3031
2194 930
2195 3957
2196 860
2197 1125
2198 2377
2199 2998
2200 3315
2201 1625
2202 349
2203 394
2204 2527
2205 595
2206 175
2207 3704
2208 3837
2209 2872
2210 67
2211 4145
2212 3262
2213 1127
2214 253
2215 2660
2216 677
2217 99
2218 270
2219 1629
2220 3036
2221 2852
2222 113
2223 1607
2224 3377
2225 288
2226 3642
2227 3478
2228 3398
2229 2788
2230 3205
2231 1308
2232 1465
2233 2792
2234 984
2235 1163
2236 2612
2237 2505
2238 3863
2239 3555
2240 749
2241 13
2242 1509
2243 81
2244 1300
2245 536
2246 989
2247 621
2248 578
2249 2244
2250 781
2251 2881
2252 3441
2253 3118
2254 960
2255 2766
2256 151
2257 137
2258 209
2259 2113
2260 832
2261 4013
2262 2114
2263 3321
2264 1996
2265 2233
2266 1086
2267 2137
2268 1008
2269 3696
2270 1236
2271 3657
2272 2016
2273 3038
2274 4051
2275 2185
2276 2381
2277 1866
2278 1189
2279 2178
2280 3236
2281 3627
2282 3079
2283 1832
2284 752
2285 3576
2286 438
2287 2564
2288 2938
2289 436
2290 501
2291 3539
2292 1954
2293 2964
2294 1990
2295 871
2296 2690
2297 915
2298 2668
2299 243
2300 3160
2301 602
2302 2898
2303 2070
2304 883
2305 3735
2306 14
2307 2164
2308 2521
2309 1285
2310 458
2311 2231
2312 1851
2313 592
2314 3771
2315 1463
2316 3149
2317 1134
2318 3354
2319 624
2320 3117
2321 3660
2322 854
2323 2984
2324 662
2325 1881
2326 1281
2327 708
2328 1093
2329 1057
2330 1883
2331 814
2332 1004
2333 640
2334 2512
2335 3479
2336 3724
2337 1088
2338 743
2339 3078
2340 234
2341 3698
2342 1556
2343 658
2344 1289
2345 2314
2346 4115
2347 2130
2348 2065
2349 1982
2350 2090
2351 33
2352 3206
2353 2112
2354 1683
2355 1898
2356 1790
2357 1998
2358 2797
2359 3323
2360 830
2361 3294
2362 2347
2363 292
2364 1467
2365 764
2366 1135
2367 2539
2368 720
2369 3993
2370 42
2371 2793
2372 350
2373 3973
2374 2699
2375 1816
2376 3927
2377 2567
2378 1235
2379 2116
2380 3318
2381 2047
2382 2528
2383 1785
2384 2211
2385 2811
2386 3739
2387 2518
2388 223
2389 3068
2390 250
2391 4042
2392 1596
2393 2669
2394 279
2395 728
2396 2251
2397 808
2398 1357
2399 1252
2400 3964
2401 3693
2402 2279
2403 2935
2404 4034
2405 3345
2406 1834
2407 1779
2408 2854
2409 1531
2410 3328
2411 1321
2412 1797
2413 3258
2414 1956
2415 2573
2416 3182
2417 968
2418 1154
2419 2772
2420 2366
2421 3201
2422 3492
2423 2901
2424 308
2425 903
2426 2670
2427 1617
2428 2687
2429 795
2430 1362
2431 591
2432 3827
2433 1020
2434 1010
2435 3173
2436 3443
2437 3651
2438 2875
2439 3846
2440 521
2441 1087
2442 3312
2443 1944
2444 1957
2445 4151
2446 2757
2447 3037
2448 2630
2449 2386
2450 1211
2451 1027
2452 4035
2453 2503
2454 2383
2455 383
2456 1627
2457 1294
2458 1439
2459 2951
2460 1039
2461 4126
2462 551
2463 862
2464 2487
2465 2651
2466 96
2467 3450
2468 3137
2469 114
2470 2451
2471 3769
2472 942
2473 3008
2474 3316
2475 3546
2476 2889
2477 2004
2478 2517
2479 3410
2480 1775
2481 1845
2482 3941
2483 983
2484 444
2485 776
2486 1977
2487 4023
2488 2891
2489 863
2490 3050
2491 2282
2492 2960
2493 1319
2494 1117
2495 746
2496 1160
2497 1317
2498 1370
2499 1989
2500 726
2501 1514
2502 3131
2503 3151
2504 307
2505 3577
2506 1823
2507 1914
2508 1984
2509 3033
2510 160
2511 2991
2512 2353
2513 1254
2514 3730
2515 432
2516 3035
2517 1310
2518 251
2519 1736
2520 1486
2521 125
2522 1623
2523 622
2524 1070
2525 2719
2526 3486
2527 515
2528 570
2529 1782
2530 858
2531 3430
2532 2275
2533 1273
2534 3425
2535 3116
2536 4049
2537 2693
2538 418
2539 2415
2540 2057
2541 3085
2542 1500
2543 735
2544 1739
2545 23
2546 276
2547 783
2548 2081
2549 1946
2550 2910
2551 1770
2552 2141
2553 1266
2554 1398
2555 3080
2556 1320
2557 1462
2558 2922
2559 3508
2560 1488
2561 3052
2562 2066
2563 1752
2564 2873
2565 2206
2566 2755
2567 3069
2568 1870
2569 1492
2570 1007
2571 2516
2572 3998
2573 3905
2574 1323
2575 828
2576 675
2577 939
2578 3510
2579 3589
2580 1555
2581 2666
2582 1618
2583 2075
2584 3598
2585 1478
2586 1150
2587 3397
2588 1612
2589 1762
2590 2469
2591 523
2592 1534
2593 581
2594 1970
2595 1781
2596 1503
2597 700
2598 344
2599 1966
2600 2930
2601 1431
2602 1822
2603 635
2604 3058
2605 1755
2606 1379
2607 3142
2608 2133
2609 496
2610 1648
2611 1174
2612 2720
2613 2148
2614 2819
2615 16
2616 2861
2617 2833
2618 158
2619 2241
2620 2140
2621 1194
2622 3850
2623 3087
2624 572
2625 3614
2626 916
2627 645
2628 2883
2629 3922
2630 4092
2631 41
2632 74
2633 586
2634 608
2635 2895
2636 2523
2637 4057
2638 2009
2639 2664
2640 1141
2641 2625
2642 266
2643 2434
2644 3893
2645 618
2646 76
2647 1422
2648 3374
2649 1138
2650 2029
2651 161
2652 1967
2653 757
2654 3686
2655 342
2656 2407
2657 3134
2658 1818
2659 2806
2660 836
2661 3767
2662 2751
2663 1018
2664 31
2665 63
2666 3980
2667 427
2668 1331
2669 3148
2670 2742
2671 3504
2672 494
2673 3065
2674 2954
2675 3084
2676 3540
2677 4039
2678 1666
2679 2552
2680 2538
2681 3161
2682 3305
2683 2289
2684 3659
2685 1950
2686 2223
2687 633
2688 1277
2689 3183
2690 1244
2691 202
2692 894
2693 1890
2694 2249
2695 1599
2696 3093
2697 1449
2698 1144
2699 3679
2700 2390
2701 1964
2702 1949
2703 2083
2704 1734
2705 1474
2706 1506
2707 313
2708 2295
2709 2760
2710 3583
2711 3457
2712 2281
2713 132
2714 413
2715 3464
2716 1860
2717 170
2718 3650
2719 556
2720 1153
2721 49
2722 4150
2723 1616
2724 98
2725 3830
2726 1947
2727 1162
2728 467
2729 3542
2730 4144
2731 2050
2732 2235
2733 2934
2734 1551
2735 2529
2736 1237
2737 3423
2738 2247
2739 3852
2740 2496
2741 3470
2742 4030
2743 3172
2744 1122
2745 2992
2746 3513
2747 244
2748 1639
2749 1965
2750 2294
2751 101
2752 3382
2753 85
2754 2708
2755 1429
2756 2291
2757 898
2758 2363
2759 1856
2760 51
2761 2171
2762 1584
2763 3054
2764 1709
2765 2340
2766 4001
2767 1257
2768 1367
2769 3678
2770 659
2771 1496
2772 3639
2773 2156
2774 3710
2775 1553
2776 717
2777 844
2778 3226
2779 3287
2780 417
2781 3641
2782 94
2783 1089
2784 1628
2785 1541
2786 64
2787 607
2788 1791
2789 1095
2790 4105
2791 3242
2792 1689
2793 3428
2794 2462
2795 368
2796 3438
2797 974
2798 1751
2799 2175
2800 3674
2801 2488
2802 1993
2803 4005
2804 2596
2805 17
2806 637
2807 3883
2808 4114
2809 2972
2810 2433
2811 1497
2812 2774
2813 3629
2814 804
2815 3532
2816 2829
2817 587
2818 2399
2819 3857
2820 450
2821 2285
2822 969
2823 2331
2824 794
2825 3140
2826 297
2827 1416
2828 3742
2829 3517
2830 2533
2831 361
2832 2339
2833 1384
2834 3624
2835 959
2836 2419
2837 100
2838 3981
2839 1482
2840 1861
2841 1694
2842 3267
2843 330
2844 3778
2845 497
2846 2131
2847 65
2848 812
2849 3979
2850 742
2851 24
2852 816
2853 3531
2854 2761
2855 3364
2856 920
2857 907
2858 736
2859 278
2860 2226
2861 3332
2862 2135
2863 3587
2864 3392
2865 240
2866 546
2867 3813
2868 3429
2869 2888
2870 3599
2871 1069
2872 1436
2873 2649
2874 259
2875 2892
2876 3820
2877 172
2878 155
2879 3491
2880 2367
2881 255
2882 676
2883 164
2884 1128
2885 3472
2886 837
2887 1129
2888 317
2889 2263
2890 2657
2891 1356
2892 225
2893 1718
2894 2332
2895 3795
2896 537
2897 1196
2898 3216
2899 3695
2900 543
2901 2803
2902 3146
2903 2437
2904 899
2905 1552
2906 2536
2907 28
2908 3330
2909 3800
2910 3772
2911 144
2912 1077
2913 3473
2914 3722
2915 2559
2916 3744
2917 2925
2918 1241
2919 1166
2920 2429
2921 1597
2922 2102
2923 3522
2924 3533
2925 1986
2926 2673
2927 1270
2928 1723
2929 392
2930 2085
2931 1047
2932 2299
2933 2863
2934 333
2935 1265
2936 1633
2937 1806
2938 2160
2939 2103
2940 4139
2941 503
2942 1403
2943 1522
2944 59
2945 2031
2946 3931
2947 3829
2948 791
2949 3928
2950 1521
2951 120
2952 579
2953 4000
2954 215
2955 2362
2956 373
2957 433
2958 1538
2959 975
2960 3394
2961 1146
2962 2450
2963 3620
2964 2017
2965 187
2966 2804
2967 818
2968 2100
2969 2634
2970 661
2971 1568
2972 2701
2973 1155
2974 2227
2975 2689
2976 264
2977 1248
2978 3649
2979 2035
2980 1216
2981 4147
2982 3839
2983 1826
2984 1510
2985 1186
2986 2409
2987 2121
2988 3888
2989 3963
2990 3774
2991 4138
2992 380
2993 1380
2994 2361
2995 4068
2996 1199
2997 3643
2998 1169
2999 1549
3000 2111
3001 626
3002 2571
3003 1041
3004 1352
3005 396
3006 1110
3007 460
3008 4102
3009 1961
3010 1026
3011 3933
3012 3636
3013 3238
3014 3716
3015 340
3016 582
3017 3948
3018 1640
3019 1282
3020 1185
3021 3378
3022 3341
3023 1217
3024 2448
3025 992
3026 3819
3027 1692
3028 3070
3029 3046
3030 447
3031 1535
3032 3603
3033 1092
3034 3658
3035 3221
3036 3170
3037 784
3038 3983
3039 1997
3040 3393
3041 634
3042 1329
3043 3635
3044 2064
3045 2920
3046 2027
3047 2590
3048 1365
3049 429
3050 2791
3051 1753
3052 2595
3053 2411
3054 2733
3055 715
3056 3498
3057 3994
3058 977
3059 519
3060 2655
3061 3095
3062 190
3063 15
3064 1582
3065 186
3066 174
3067 3885
3068 3924
3069 1920
3070 1341
3071 2212
3072 558
3073 4015
3074 2388
3075 2040
3076 2458
3077 3074
3078 2913
3079 3040
3080 3045
3081 3175
3082 1013
3083 3032
3084 2052
3085 3064
3086 233
3087 668
3088 1903
3089 167
3090 3842
3091 322
3092 1428
3093 625
3094 2745
3095 2549
3096 962
3097 1296
3098 2146
3099 3559
3100 1980
3101 1228
3102 1106
3103 2006
3104 4043
3105 310
3106 986
3107 230
3108 514
3109 1831
3110 3230
3111 3741
3112 3987
3113 1058
3114 1227
3115 3565
3116 2214
3117 3615
3118 236
3119 1025
3120 43
3121 200
3122 1897
3123 867
3124 1716
3125 1642
3126 842
3127 442
3128 3408
3129 506
3130 4
3131 3787
3132 3761
3133 1232
3134 3538
3135 2067
3136 2695
3137 1664
3138 2907
3139 1798
3140 389
3141 2177
3142 1242
3143 4007
3144 1397
3145 762
3146 3584
3147 2463
3148 4168
3149 1411
3150 1828
3151 1581
3152 3630
3153 377
3154 55
3155 1157
3156 4078
3157 2975
3158 3370
3159 4003
3160 559
3161 3066
3162 2850
3163 3190
3164 407
3165 1899
3166 848
3167 880
3168 1221
3169 3525
3170 1434
3171 2053
3172 1558
3173 92
3174 18
3175 2577
3176 3810
3177 2557
3178 3326
3179 2422
3180 1650
3181 1887
3182 2441
3183 3591
3184 4010
3185 2744
3186 367
3187 1559
3188 1516
3189 2025
3190 3904
3191 26
3192 1730
3193 3212
3194 3711
3195 3075
3196 410
3197 2252
3198 488
3199 2980
3200 3783
3201 1171
3202 1720
3203 564
3204 2351
3205 2096
3206 4169
3207 3822
3208 2493
3209 949
3210 1395
3211 4142
3212 428
3213 2890
3214 2449
3215 1691
3216 2000
3217 1537
3218 3191
3219 539
3220 2343
3221 3158
3222 2127
3223 2497
3224 2724
3225 3909
3226 544
3227 2253
3228 1614
3229 3204
3230 1587
3231 2789
3232 1432
3233 1665
3234 1280
3235 631
3236 1941
3237 82
3238 1048
3239 1247
3240 1372
3241 2931
3242 2540
3243 3884
3244 1193
3245 1295
3246 3251
3247 613
3248 437
3249 4002
3250 3313
3251 1622
3252 1700
3253 2816
3254 3550
3255 3373
3256 414
3257 3617
3258 2876
3259 3841
3260 2356
3261 3338
3262 2144
3263 610
3264 3784
3265 1011
3266 1074
3267 1803
3268 3025
3269 2037
3270 1656
3271 789
3272 3483
3273 2105
3274 1771
3275 2218
3276 2705
3277 430
3278 1707
3279 197
3280 615
3281 275
3282 416
3283 2421
3284 3622
3285 2359
3286 177
3287 293
3288 388
3289 548
3290 1593
3291 2537
3292 1215
3293 2978
3294 121
3295 2358
3296 3592
3297 37
3298 2752
3299 3208
3300 3400
3301 788
3302 493
3303 3189
3304 3279
3305 1931
3306 1676
3307 2546
3308 3858
3309 2234
3310 1305
3311 2937
3312 588
3313 1205
3314 868
3315 4037
3316 1853
3317 1175
3318 3060
3319 3738
3320 2609
3321 1405
3322 750
3323 1298
3324 507
3325 780
3326 3407
3327 2280
3328 988
3329 2893
3330 3563
3331 2076
3332 3667
3333 1043
3334 737
3335 3866
3336 4162
3337 2648
3338 4024
3339 1747
3340 3154
3341 2161
3342 712
3343 566
3344 3295
3345 2042
3346 4099
3347 2950
3348 3626
3349 1926
3350 1533
3351 2722
3352 4091
3353 3814
3354 723
3355 72
3356 699
3357 2203
3358 3570
3359 1278
3360 741
3361 4009
3362 1695
3363 2501
3364 3766
3365 1332
3366 2654
3367 2412
3368 1610
3369 1072
3370 3252
3371 2962
3372 486
3373 2365
3374 3868
3375 2592
3376 3023
3377 2318
3378 560
3379 3574
3380 3053
3381 181
3382 25
3383 1545
3384 1037
3385 2970
3386 1433
3387 937
3388 2444
3389 2794
3390 384
3391 4128
3392 534
3393 2159
3394 4083
3395 751
3396 4033
3397 3309
3398 217
3399 1725
3400 2853
3401 3677
3402 1892
3403 1524
3404 4056
3405 2079
3406 1455
3407 1840
3408 423
3409 2572
3410 955
3411 1619
3412 3067
3413 168
3414 8
3415 3727
3416 3461
3417 1484
3418 1040
3419 3690
3420 3059
3421 3484
3422 224
3423 3371
3424 2736
3425 36
3426 4022
3427 2507
3428 2320
3429 2439
3430 1901
3431 3805
3432 1680
3433 254
3434 1230
3435 3187
3436 540
3437 2779
3438 1697
3439 1479
3440 643
3441 950
3442 425
3443 3807
3444 767
3445 3929
3446 2894
3447 50
3448 3412
3449 2194
3450 2957
3451 3286
3452 3568
3453 2173
3454 2248
3455 4134
3456 1638
3457 1407
3458 3413
3459 131
3460 1940
3461 1839
3462 1306
3463 1504
3464 1064
3465 3453
3466 3447
3467 1451
3468 3621
3469 766
3470 1459
3471 2520
3472 574
3473 2750
3474 2268
3475 2398
3476 2348
3477 3112
3478 887
3479 198
3480 3098
3481 347
3482 3912
3483 1081
3484 3908
3485 918
3486 2702
3487 2661
3488 1038
3489 1187
3490 2822
3491 552
3492 1805
3493 4118
3494 3951
3495 3970
3496 1177
3497 2974
3498 3284
3499 2638
3500 1139
3501 3530
3502 3942
3503 1588
3504 1962
3505 2360
3506 3619
3507 1909
3508 4047
3509 3282
3510 4067
3511 835
3512 3365
3513 731
3514 1562
3515 1035
3516 2392
3517 453
3518 2562
3519 2312
3520 2045
3521 337
3522 3229
3523 849
3524 2556
3525 1621
3526 1885
3527 2628
3528 148
3529 761
3530 1548
3531 3731
3532 3144
3533 3150
3534 3541
3535 3222
3536 3306
3537 2442
3538 639
3539 139
3540 2982
3541 1698
3542 1383
3543 3880
3544 3277
3545 3723
3546 315
3547 1137
3548 2713
3549 336
3550 2364
3551 2939
3552 3586
3553 3416
3554 260
3555 1173
3556 3544
3557 1024
3558 2327
3559 2119
3560 2548
3561 3578
3562 905
3563 3796
3564 3828
3565 1750
3566 2831
3567 834
3568 3952
3569 517
3570 1974
3571 2003
3572 1523
3573 4158
3574 2
3575 3209
3576 2597
3577 809
3578 758
3579 91
3580 3590
3581 2814
3582 3558
3583 3136
3584 2840
3585 2728
3586 1197
3587 3012
3588 1923
3589 4032
3590 2896
3591 2423
3592 904
3593 2759
3594 1864
3595 3995
3596 1000
3597 2489
3598 274
3599 1461
3600 1322
3601 3024
3602 1159
3603 2610
3604 3213
3605 958
3606 2979
3607 3281
3608 3867
3609 2620
3610 1046
3611 2475
3612 1351
3613 569
3614 790
3615 5
3616 642
3617 346
3618 2763
3619 1394
3620 3200
3621 2525
3622 805
3623 2604
3624 483
3625 2062
3626 1711
3627 3633
3628 2368
3629 897
3630 4152
3631 2601
3632 1605
3633 541
3634 2659
3635 2298
3636 227
3637 2914
3638 2124
3639 1107
3640 3817
3641 3245
3642 2706
3643 3655
3644 3992
3645 375
3646 612
3647 1609
3648 985
3649 3477
3650 1066
3651 374
3652 4071
3653 184
3654 3514
3655 3760
3656 2879
3657 3424
3658 4170
3659 356
3660 3449
3661 228
3662 3543
3663 4020
3664 971
3665 2626
3666 3317
3667 419
3668 1649
3669 2568
3670 3224
3671 3634
3672 1360
3673 3685
3674 2646
3675 2500
3676 649
3677 4041
3678 2193
3679 2726
3680 3765
3681 1575
3682 3700
3683 2197
3684 1147
3685 1213
3686 2485
3687 3133
3688 900
3689 1948
3690 4011
3691 3320
3692 3886
3693 3145
3694 769
3695 2777
3696 3164
3697 2303
3698 2069
3699 334
3700 4117
3701 1293
3702 2150
3703 2051
3704 2526
3705 3244
3706 199
3707 3422
3708 2143
3709 3454
3710 2277
3711 2936
3712 3803
3713 2198
3714 1353
3715 2842
3716 3246
3717 2370
3718 196
3719 3243
3720 1466
3721 3985
3722 673
3723 1480
3724 1180
3725 2643
3726 2882
3727 203
3728 2531
3729 2502
3730 3250
3731 2519
3732 321
3733 3746
3734 1615
3735 38
3736 3108
3737 2334
3738 672
3739 4119
3740 2374
3741 702
3742 2153
3743 928
3744 799
3745 3465
3746 1233
3747 1438
3748 3534
3749 3414
3750 2055
3751 2739
3752 1757
3753 1165
3754 2385
3755 1030
3756 770
3757 3943
3758 2082
3759 2445
3760 3481
3761 3207
3762 1517
3763 3653
3764 892
3765 524
3766 2865
3767 1402
3768 1375
3769 1732
3770 3548
3771 689
3772 1637
3773 2780
3774 3683
3775 2917
3776 3940
3777 2384
3778 2511
3779 1829
3780 3947
3781 3566
3782 1959
3783 2683
3784 3847
3785 372
3786 926
3787 4012
3788 857
3789 3092
3790 733
3791 409
3792 603
3793 2456
3794 2059
3795 3121
3796 365
3797 3431
3798 3907
3799 914
3800 1574
3801 2296
3802 1470
3803 646
3804 2259
3805 2341
3806 2671
3807 1065
3808 3512
3809 3111
3810 150
3811 294
3812 605
3813 222
3814 2305
3815 1457
3816 3259
3817 1854
3818 2397
3819 542
3820 1882
3821 996
3822 4026
3823 2300
3824 908
3825 2479
3826 2985
3827 305
3828 2635
3829 843
3830 1158
3831 2328
3832 1958
3833 1268
3834 3143
3835 404
3836 2308
3837 159
3838 3016
3839 95
3840 3976
3841 2653
3842 1176
3843 1190
3844 2126
3845 1827
3846 106
3847 2871
3848 3604
3849 4103
3850 185
3851 705
3852 1643
3853 21
3854 4081
3855 3225
3856 870
3857 2132
3858 3714
3859 3004
3860 851
3861 1471
3862 927
3863 1068
3864 1542
3865 3196
3866 426
3867 1868
3868 2969
3869 405
3870 4006
3871 291
3872 3527
3873 793
3874 1678
3875 1309
3876 3346
3877 1772
3878 1518
3879 180
3880 4109
3881 3107
3882 1800
3883 2730
3884 2681
3885 1272
3886 3028
3887 2151
3888 2627
3889 3536
3890 3687
3891 2765
3892 2393
3893 1076
3894 3935
3895 811
3896 1927
3897 1290
3898 3333
3899 3632
3900 3990
3901 4048
3902 1224
3903 2447
3904 3062
3905 768
3906 2371
3907 1955
3908 869
3909 3734
3910 1979
3911 1343
3912 3515
3913 3618
3914 332
3915 2316
3916 2219
3917 3476
3918 3780
3919 3680
3920 2078
3921 1784
3922 779
3923 3560
3924 1789
3925 287
3926 1287
3927 1036
3928 192
3929 1049
3930 1787
3931 2832
3932 2837
3933 1585
3934 3616
3935 1333
3936 422
3937 2217
3938 4040
3939 3291
3940 1271
3941 2776
3942 2965
3943 1400
3944 1052
3945 964
3946 3853
3947 3359
3948 912
3949 1843
3950 563
3951 2329
3952 1994
3953 2800
3954 1952
3955 3528
3956 2120
3957 3845
3958 262
3959 484
3960 2996
3961 2019
3962 3806
3963 931
3964 314
3965 1022
3966 4111
3967 3877
3968 2480
3969 1275
3970 1525
3971 4028
3972 1815
3973 1738
3974 1381
3975 1085
3976 2927
3977 2245
3978 3572
3979 1261
3980 3049
3981 4064
3982 2826
3983 3195
3984 1705
3985 1606
3986 378
3987 2189
3988 2154
3989 2515
3990 376
3991 2465
3992 3047
3993 2333
3994 3367
3995 1849
3996 2018
3997 888
3998 3417
3999 3342
4000 2994
4001 3083
4002 2508
4003 1485
4004 2467
4005 2737
4006 3785
4007 3758
4008 2195
4009 2142
4010 2224
4011 3247
4012 3081
4013 1532
4014 1722
4015 2602
4016 2049
4017 1014
4018 2107
4019 1063
4020 2859
4021 3870
4022 1029
4023 3480
4024 1505
4025 3719
4026 3357
4027 875
4028 2608
4029 1101
4030 468
4031 162
4032 1114
4033 1345
4034 727
4035 3434
4036 331
4037 3234
4038 2461
4039 885
4040 4121
4041 981
4042 3240
4043 1953
4044 290
4045 2585
4046 2565
4047 258
4048 2583
4049 671
4050 141
4051 1100
4052 679
4053 729
4054 1001
4055 504
4056 990
4057 2611
4058 462
4059 3456
4060 3432
4061 738
4062 1226
4063 1602
4064 3366
4065 553
4066 1512
4067 1820
4068 482
4069 300
4070 872
4071 772
4072 2335
4073 1440
4074 320
4075 2410
4076 4135
4077 535
4078 1494
4079 1715
4080 694
4081 1116
4082 1132
4083 1671
4084 2560
4085 1563
4086 4101
4087 2355
4088 3593
4089 1915
4090 2095
4091 2350
4092 3015
4093 1987
4094 4072
4095 2376
4096 1855
4097 1620
4098 2373
4099 3691
4100 3179
4101 1472
4102 3511
4103 3930
4104 2830
4105 3773
4106 2987
4107 1078
4108 819
4109 910
4110 2471
4111 596
4112 1591
4113 2915
4114 707
4115 2600
4116 1644
4117 1999
4118 1229
4119 2454
4120 1301
4121 3675
4122 2541
4123 3894
4124 1401
4125 3215
4126 216
4127 1369
4128 2026
4129 2405
4130 2704
4131 1104
4132 3901
4133 2094
4134 60
4135 455
4136 2968
4137 261
4138 3763
4139 104
4140 520
4141 3389
4142 529
4143 527
4144 1749
4145 2021
4146 1902
4147 281
4148 3248
4149 1632
4150 277
4151 1576
4152 1742
4153 3960
4154 3009
4155 2394
4156 1192
4157 435
4158 1661
4159 647
4160 2688
4161 1080
4162 3419
4163 1283
4164 3139
4165 3254
4166 3192
4167 4136
4168 3712
4169 3764
4170 490
